floating_base_joint_x,floating_base_joint_y,floating_base_joint_z,floating_base_joint_qw,floating_base_joint_qx,floating_base_joint_qy,floating_base_joint_qz,left_hip_pitch_joint_q,left_hip_roll_joint_q,left_hip_yaw_joint_q,left_knee_joint_q,left_ankle_pitch_joint_q,left_ankle_roll_joint_q,right_hip_pitch_joint_q,right_hip_roll_joint_q,right_hip_yaw_joint_q,right_knee_joint_q,right_ankle_pitch_joint_q,right_ankle_roll_joint_q,floating_base_joint_vx,floating_base_joint_vy,floating_base_joint_vz,floating_base_joint_wx,floating_base_joint_wy,floating_base_joint_wz,left_hip_pitch_joint_dq,left_hip_roll_joint_dq,left_hip_yaw_joint_dq,left_knee_joint_dq,left_ankle_pitch_joint_dq,left_ankle_roll_joint_dq,right_hip_pitch_joint_dq,right_hip_roll_joint_dq,right_hip_yaw_joint_dq,right_knee_joint_dq,right_ankle_pitch_joint_dq,right_ankle_roll_joint_dq,floating_base_joint_acc_x,floating_base_joint_acc_y,floating_base_joint_acc_z,floating_base_joint_alpha_x,floating_base_joint_alpha_y,floating_base_joint_alpha_z,left_hip_pitch_joint_ddq,left_hip_roll_joint_ddq,left_hip_yaw_joint_ddq,left_knee_joint_ddq,left_ankle_pitch_joint_ddq,left_ankle_roll_joint_ddq,right_hip_pitch_joint_ddq,right_hip_roll_joint_ddq,right_hip_yaw_joint_ddq,right_knee_joint_ddq,right_ankle_pitch_joint_ddq,right_ankle_roll_joint_ddq,fallover
-0.0028511648613691893,-8.410427492015011e-05,0.7939537577429945,0.9999760401652797,0.0007926303847531159,0.006866968024645415,0.00036821541068586376,-0.05188494420953778,-0.012101278248214147,-0.013068433266350803,0.07306399829310736,-0.011334303577550109,0.23403027251897954,-0.06713690570864149,-0.0011826179716840346,-0.006259072708698145,0.12469927705942689,-0.14891306653400727,-0.10527778517747535,-0.18561989362365047,-0.012294617854035156,0.12825863787273212,0.1466609332181955,0.9185108261223504,0.12581886538426737,-3.3340733668672966,-0.7988361430899967,-0.2847715080494057,4.316585498266851,-2.2529944775493163,11.792431605330362,-4.4641269261895395,-0.1079386977262258,-0.5872296749486564,7.54544938737326,-7.212610129612582,-5.414780239263649,0.05937167669142888,-1.0848460712367074,6.67955768708245,10.68874876615654,2.3803178076939346,17.423638089326253,-7.725748325253663,-17.80801778545274,41.24717388330121,-14.64284306703928,3.9814785596577136,-72.64720063530167,-12.164553368213925,2.4866073380635303,20.324325514936536,1.2140525667282798,18.152443195692555,-43.323728322364374,0.0
-0.006511010774478376,-0.0013255562379967114,0.7983891763092021,0.9998626452003196,0.0017389377112863537,0.01647675454465138,-0.0004282386383017818,-0.08273902024706506,-0.018245547455856596,-0.029741344368722226,0.0719815230784453,0.021467905820817174,0.333639605950304,-0.18004087350305387,-0.014618328757675539,-0.058485770690718475,0.33619445335804116,-0.3881226636341325,-0.23364413905112053,-0.15703500273184762,-0.11063811992175178,0.26921895539500695,0.03306986589605388,0.8760928435754549,-0.008967232055324126,-0.5297598807125308,0.013975520672724437,-1.4505022239079874,-2.15979680398212,3.562859074485497,0.9025255466857272,-5.198589498181386,-0.6854878467738169,-2.9075375361973306,9.80220349545684,-11.666420114885284,-6.095984976446084,3.567513328802727,-5.954532805167963,4.866902627973105,-12.13731751151459,-13.223188508260364,18.916601305826696,75.65775326991456,29.94943532716417,-70.73989750077942,-135.4689331610013,126.34988795633507,-241.17378267945352,111.92212742351983,34.28533280379304,55.12341932385201,-258.1468334338366,215.1174294480785,112.29989643756,0.0
-0.010053411636265438,-0.004627647032691742,0.8041147049995601,0.999640894083246,0.0009968908190793354,0.02677728746981123,0.00025682854696564206,-0.09558525497116635,-0.011108900488610357,-0.046111651827850195,0.02376073254774664,0.10281967608019069,0.3241278651919904,-0.28993698089270076,-0.026748577427437366,-0.12039856482504689,0.547216627633005,-0.6305260965780057,-0.303582804816659,-0.1711325723405825,-0.21902022803476948,0.30993355573238013,-0.23472808604410167,1.0494007701707697,0.2286326898428,-0.6842382344273782,0.6340260210144041,-0.6051015574613614,-2.4293133227407644,4.332194897283779,-0.8999227353396555,-4.877218320423867,-0.17483528959135206,-2.6565578704701043,8.859310705086147,-10.474850678156004,-0.8059815455253915,1.619804634153553,-6.564279255513432,3.243335688613531,-21.94621148307087,-3.0405713901841143,22.38583991347359,-5.943548128934107,31.375889314410998,9.032804646149858,13.875336049463188,19.970308118640013,-9.415642215685587,106.07843460754354,70.0351659802511,67.64372075295087,-287.8061346018625,220.43334095459394,180.74177236273783,0.0
-0.013533542854544358,-0.00958177220488953,0.8103502228434988,0.9993196377075773,-0.00027252485879178205,0.0365205222381433,0.005141874915924021,-0.12907191526954667,-0.0007352115561529099,-0.027950463192482344,0.020126522871750447,0.17241597888452767,0.3090029316961932,-0.3767102343929436,-0.013931031505622093,-0.1291486208574318,0.6970612781539295,-0.8367365055962488,-0.3012550432378421,-0.15522877646523833,-0.2739215500979657,0.3253251290394882,-0.08887318346005221,0.8137587510724594,0.7351545850407721,-2.0208321827525153,0.4258812192796279,1.5605194377195166,0.8734947775973215,3.2852691413379254,-0.6009264272820042,-3.4671347785772206,1.0336270912235592,0.3743424782553596,5.572703586411344,-8.966623718501785,0.42775898459893796,3.275814403969733,-3.0514228072060514,2.075770472764568,4.409335621382877,-23.961210099512808,29.752447582534828,-9.485382029457503,-9.969919381188637,30.984194687445566,68.1593444662555,7.707418834451179,18.17749736630893,115.7059924369714,25.020998179802042,34.707120765707714,-234.56938754717672,177.05164328691066,10.55289852339569,0.0
-0.016328428852259002,-0.01573861962278655,0.8163840575577334,0.998961070100122,-0.0011571106697188971,0.04343526330608814,0.013741157915101344,-0.1754568554391736,0.010895194862780103,0.031281917216301115,0.05803368792149579,0.22349377161139722,0.2986643704394935,-0.4362917804890387,0.010397267105734626,-0.12537849286542713,0.7882310031618979,-0.9142202927052935,-0.29330436274781885,-0.1120287172654206,-0.33947743046241907,0.28814863118944123,-0.15299639031717513,0.520005247104125,0.994041205041498,-2.22466458414294,0.6755156229134633,3.2151768812167805,2.14744917350025,2.3702223716648096,-0.40558902615188286,-2.326651576438888,1.343020896111026,-0.03892627968522259,3.3733577210171806,-0.7974170583336442,0.33696218610489614,3.980172384804743,-3.6808224056113272,-1.2958394364858705,-4.158449748992801,-23.76713340134107,17.832158846542743,30.607484629162265,6.76402494520141,-31.827421581846785,-5.724973424491571,1.1872814537655443,13.580472644145276,85.01293654990708,11.212777082009117,-27.665063381135706,-140.9201746340893,195.20942454008576,-8.050015175367474,0.0
-0.017856898719318892,-0.02334827964425873,0.8209878458480283,0.9985915506456652,-0.0032435463854560637,0.04680419800053701,0.024774209078342407,-0.21473374788759766,0.03009763956976255,0.10784583939708639,0.1035400466331826,0.25586183957621533,0.29222619675644074,-0.47437321871657523,0.03960151771242262,-0.1353110881301443,0.8569191714824713,-0.9036188352235912,-0.28850087860086365,-0.03766667222748482,-0.41613167451328675,0.1904759960689768,-0.33863886866255677,0.15254771990857785,1.2225294419327433,-1.5771894993114566,1.0837194203141818,3.4191993663865583,2.047770017948069,1.2808029302772743,-0.23801421318339852,-1.3252987612522058,1.5751334491629725,-0.8222764620911381,2.937340155640618,0.8044093501768452,0.17572173586346143,4.752121381964653,-3.9404413517171015,-3.9527333818323127,-8.905861789441387,-22.482173114418018,16.951655903644802,50.44828701652489,4.7278744460598485,-99.74405208581129,-41.555353435361006,-23.922367033500446,9.124768262855754,74.62235089848792,13.262897792894265,-29.172406327142212,-82.14746280324559,0.5757224104259226,-5.980433442456624,0.0
-0.017691357928716848,-0.03252104983898691,0.8233181246539992,0.9982308155487561,-0.007094040869600295,0.04628044366909916,0.036647428379035674,-0.23277210227096606,0.05696997266398728,0.18045543961051735,0.13431230305311664,0.2646798973304147,0.28663478983515156,-0.4955373866620759,0.0818575048224226,-0.1529447136475241,0.9190375798320607,-0.8827406967226771,-0.28587356478098297,0.0479023075798329,-0.4922208764579623,0.06329947781429256,-0.514055319011096,-0.20807493718860814,1.2033319834360208,-0.37719995505456405,1.376447801843376,2.940558817802942,1.0519883058256978,-0.0842868710922357,-0.252001454875412,-0.6847468626549652,2.4544908108005714,-1.0307084787868597,2.740527788967993,0.9772730006953219,0.09912241590408907,4.307857715673826,-3.4836051810307636,-5.483029125377207,-5.979099089389711,-17.133432949034326,9.290329046617686,51.55169945045979,-8.658686324577493,-122.07267711178577,-52.28614752192972,-49.82457653030875,5.514651601090163,47.27297652747592,29.400377202885934,-20.595145404474966,-67.07858833679919,-16.716296957121344,-3.1396612744967616,0.0
-0.01601403822943562,-0.04295038625948434,0.8232513070013635,0.9978066309235664,-0.011255579109908804,0.04321585958849685,0.048863367709250656,-0.22697766963829505,0.0821019176927112,0.23188595497342485,0.13648976841247518,0.25476537390352727,0.280639644409846,-0.5075419363766881,0.14321722184056032,-0.16563548831224478,0.971851811974458,-0.8749287138952098,-0.28398749410102286,0.10941725642239894,-0.5434128204231157,-0.055628037432159314,-0.44648383296474875,-0.3507463067405668,1.2893327608297387,0.6428080210038893,1.051041303141044,1.8210894272467055,-0.43144646978527257,-0.8407598394533978,-0.2762769589433212,-0.46316143720459346,3.3525534939053867,-0.6058668446752138,2.2455376020764923,0.13111920598980664,0.08038307640217586,2.4491937948836795,-2.1770973053291605,-5.694612759642984,5.9201503607765495,-3.994356612534215,16.26451366498535,24.279005351355462,-28.842259446003826,-100.6838645856308,-42.09103512158351,-36.975848708701314,5.209315151618985,17.20902336728607,14.769985102208764,-14.768267614997292,-60.233517514012526,-16.06182751663941,-1.9176189176872316,0.0
-0.013237136519504504,-0.05405306017732777,0.8214571414113091,0.9970743204133343,-0.013186636444678978,0.03940554995502046,0.06415695460591418,-0.2065921554014659,0.09363980648045551,0.24984680367698642,0.11068485283248132,0.24358771135272156,0.27493311339055493,-0.5069564116983677,0.21565976763211764,-0.16272073430764297,0.9797962104652551,-0.8738226167353111,-0.2838542381223819,0.15103374123970723,-0.559530294588503,-0.1272883783216643,-0.10534083398844024,-0.3690344180256775,1.75918602286328,1.0601286522466313,0.1976170080069124,0.3230855085183731,-1.5642946077055668,-0.5192350309171989,-0.253048787263618,0.22043194365630822,3.50939579697173,0.3899253024491864,-0.5036866063038316,0.020560018254733175,-0.020257652708187378,0.48736030153057264,-0.0916345062783413,-4.8036179884256995,21.80216027345108,5.149253677838795,30.443158976405662,-13.184081768475252,-40.36423665799779,-42.989554952998816,-2.376353387153121,-5.7425038981793275,5.090578583661635,6.276141549879742,-36.68109701237489,0.8051989745700495,-56.80209856604945,-2.1740974099450145,-1.1468924149155575,0.0
-0.010216295490973136,-0.06474379054742449,0.8184065255364807,0.9955993799478776,-0.009376071765451846,0.03679192785145085,0.0856756556474739,-0.19202434918871913,0.08482107125429673,0.24105049914514923,0.08336481579887284,0.24070373679650262,0.2707859929633072,-0.4917116486307931,0.2697825515390367,-0.13285067939430067,0.9213989054293421,-0.8297339382281707,-0.28738250250699127,0.13976458633388708,-0.5070717348962029,-0.18642017920550888,0.6377367353743768,-0.230116776926107,2.4882972982703504,0.3715656944797985,-0.9588966846083886,-0.6490191822478606,-1.052293375502265,0.02713142970908271,-0.1689213478082527,0.8950733079846599,1.7327379321833112,2.0132012160978676,-3.6548580460656646,2.3926412108531965,-0.2089114722192101,-2.0070242413511226,3.3794082129398806,-4.537948086036374,42.27718477951805,10.763217911911447,33.99306341019177,-43.238426936978556,-56.43756344736701,4.280341552653366,41.77618658826181,11.105867658318333,3.996857737083071,-6.032230551528959,-127.81670014327675,27.24291701324072,0.087177498551398,-36.1787240927619,1.2841874622272118,0.0
-0.008014924347272094,-0.07439868457503553,0.8131387401028347,0.992907060264597,0.0018222724618568492,0.036436253702562794,0.1131576264151608,-0.2003888406570607,0.05057609485448827,0.16699918041958922,0.08333521617174966,0.22882279957233645,0.2719569805703138,-0.4856982285606142,0.27697682227315445,-0.0840589620425573,0.8784271858731251,-0.7247927642120121,-0.29106797078233765,0.09187992727783745,-0.45720561324945297,-0.3182342622580201,1.3177414716507276,-0.12417688916819543,2.949299123537228,-0.7129505380036274,-2.160973823775769,-4.36995001406934,0.44995416631982516,-0.8281662710439553,0.0963784267690225,0.00145083361812582,-0.8327134293649461,2.5330720130177435,-1.1129093608887315,5.227637722992601,-0.15278807045927414,-1.5670025503317198,3.0392933782805955,-5.456294200813958,33.23127306304576,-0.08898976560061278,8.778891606052671,-9.333679302104043,-37.98586834548208,42.085430920547324,23.805943584291597,-10.991712282037145,-2.686213014733216,-18.96606130828346,-133.58180418942462,-6.670927546986481,92.02758515969589,-83.65690277786466,3.7951947734180367,0.0
-0.0062024625882398975,-0.08390016451609045,0.8048413047854508,0.9892011386299293,0.01613253005877289,0.036147300404126836,0.14111775749581643,-0.21388763916441506,0.002707349612750715,0.03092004910163743,0.09569458325441876,0.18968027197863357,0.2780916824307635,-0.4998440346051915,0.24954900274257846,-0.04268207006710498,0.8981548024311088,-0.6376775144266563,-0.29134932478218134,0.09750713958901706,-0.48508790112214817,-0.4783349568307737,1.3075846613384454,-0.2442802414041215,2.7028440975147183,-0.35399190979554984,-2.317503151607226,-6.674276097248058,0.4307447198595584,-2.56108062967893,0.29815878901502124,-0.9696076001889354,-1.7786040339683413,1.680464568680889,1.8074650487605666,3.6483513079367698,0.03534433793258934,1.2132703408878427,-0.9634086108493005,-5.979973314732319,-2.0499920846737223,-9.368380526338887,-24.953873412785295,48.83683653448713,27.199233771493496,141.32030245774968,-34.95872840830675,-51.903271263196295,-8.664657554988954,-8.887580061475777,-40.40042986645505,-40.37576866276764,29.012737525252682,-73.94393811836248,2.000909620316667,0.0
-0.0029713151437746037,-0.0943810424045689,0.7942405721617278,0.9858325994740927,0.02748983629182525,0.03224097948446063,0.1622926799232897,-0.18692592511071562,-0.02839715471342966,-0.08734436824791184,0.05848999888816297,0.13311112082727888,0.28495020541210814,-0.5133717499943878,0.21915202313891696,-0.023195869242624418,0.9367233260435344,-0.6332460206139078,-0.2898305400320295,0.20107316313932622,-0.5636359287385685,-0.5736711525062687,0.7096568685021486,-0.6287472437544351,1.804828920745129,2.242025558191211,-0.7475020764442764,-4.606178380539454,-2.955204540973662,-3.2505856920549716,0.3035579103048104,-0.5247783391844207,-1.2240566821994,0.4684549787879932,1.6937038171406813,-0.5675758788104799,0.07967339811473405,3.3834352651745023,-4.981904395269753,-5.014356462140665,-33.39264059321697,-8.032431823074466,-38.55563488718757,59.960054088210896,96.68256591180591,175.78153889470218,-66.09435514522133,-53.342884722331696,-7.219539391246051,9.116863413270401,38.15291810110484,-49.86594039881889,-43.461630603128214,-13.013595054802089,-0.9959856619509014,0.0
0.0009845634424632426,-0.10653130859943118,0.7824344249176237,0.982946268440891,0.03389595459202857,0.027848585848493018,0.17858374474364,-0.1442160692873346,-0.030375683682300713,-0.14449213552279358,-0.004661331971596949,0.07453690811197168,0.29059798662638364,-0.5207975023854546,0.18482659148834904,-0.028020076785857734,0.9466867521716897,-0.6977081433965282,-0.28920822501554316,0.17885342959992595,-0.6428447547412985,-0.5582282779853649,0.5092105949548761,-0.27808456129236114,1.65695556070562,1.7449852235839651,0.13312173444562286,-1.7913138963210706,-3.115640657715375,-1.9755557480265,0.12523952778415146,-0.3961181945583983,-2.2182039626744974,-0.5173567576173242,-0.34788014808236556,-3.400501911784619,0.011479945185512283,-7.305548603930926,-1.4228266152515021,27.901448322496435,74.67501226551546,48.32275051573956,27.390129596232008,-102.95555864483751,-88.35803001763253,66.2082344835062,-27.962956312494857,537.0107988186487,-72.43846228704271,-5.805874935002951,-186.10469590869874,-12.49448437509771,-137.51313545739737,67.50103681044983,-0.9309296502995813,0.0
0.003517766058886405,-0.11999142099432267,0.7749255812798175,0.9788381533069244,0.04474219412181453,0.029079528636865967,0.19755603435509914,-0.12802032264653787,-0.042499857033049766,-0.17870269913176298,-0.058016050860958845,0.09294023858600638,0.29159466916024884,-0.5362925264304274,0.1172394417235156,-0.030581895226214517,0.9595656719421916,-0.73322614038094,-0.2886830120439256,0.10630829700437378,-0.71279299550996,-0.2797729406039466,1.2543470077148682,0.1346411483089554,2.1041842172406104,0.20155128416863483,-0.8799540657795228,-1.7046620781133404,-2.0872027364037025,1.9483985054614186,0.11059209814463875,-0.8996336684296512,-3.709205593189919,0.43640942312974107,1.1315191853975433,-1.1603933300195168,0.02703500836573908,-0.6322747623243972,-5.456706877202537,7.066763747961815,5.905631835150271,7.942481949411439,7.421356576847797,-54.066231198371504,-6.7486349660628075,-0.47976574400052635,71.79971612153429,38.23107925955112,9.980990893024416,0.3457389529794872,4.736865543947818,73.68524438034386,27.006959037742597,38.779791733781494,-0.5017981297998338,0.0
0.005910473521825728,-0.13584956521191377,0.7705643022138052,0.9740439813942602,0.05575777306312257,0.0316683081987657,0.21708641438027926,-0.13322867481471348,-0.054989578073929526,-0.21044918871678758,-0.0823606397686406,0.13067330648836734,0.296047418643883,-0.5442920419669552,0.05730821339230517,-0.009592262522752392,0.9507539256731737,-0.7384275889184309,-0.28770923469467313,0.1343435511406072,-0.8589547303600827,-0.18850749859134597,0.9257588385946375,0.12091802732477702,1.8972203343853729,-0.5264391055922732,-0.34153696691396274,-1.4629877979755572,-0.6332426884876577,1.6352358440901409,0.26157480024515145,-0.13681835958589422,-2.343524932100952,1.423376274685941,-1.1154281174137837,-0.045930236335724184,0.0501082911184784,1.87982518259849,-7.3398047602441645,1.925457339089257,-20.93540101098081,-3.018011784192538,-19.215676773142935,-20.5904959591211,36.44375835597987,16.36869274321405,51.99447246964647,-36.28620983156915,0.6360161000843377,18.329753337573937,74.35115025293574,28.131263620804397,-31.731996110559663,6.709650597264369,-0.692318045291725,0.0
0.008805437253858668,-0.1544277695045009,0.7668298863832096,0.9694029563320313,0.0633818034677987,0.033425932745529165,0.23478364990769135,-0.14742487007632502,-0.05627732024111315,-0.2391821025291126,-0.08894208436127658,0.15952387122761277,0.30116783937431024,-0.5476103794223488,0.013504835316605807,0.012575569558585657,0.9383945888338652,-0.7128845861915232,-0.28597830863085494,0.1571484847367358,-0.9874598674221333,-0.18719227217438028,0.5901906250489163,0.10505199381386769,1.755664671953881,-0.8161958722889446,0.20096227026609287,-1.33442555857813,-0.12012641330599515,1.2665301602072625,0.2255319035606435,-0.1478808432996361,-1.9641932320307314,0.908559051229119,-0.26431260929940376,1.4179264340857474,0.0885221958395181,1.6669881125738915,-6.613592150042981,-0.07577217443640284,-18.97068325615899,-2.6221553822574584,-12.138472498997219,-8.062593030307072,32.3728510585241,17.236350752740638,18.32659616140076,-17.64114381775781,-4.6427191937211365,5.2157294528488904,32.438389473287465,-18.188822533866034,32.48709116712735,-18.18712650205437,-1.2015417702183533,0.0
0.01224535138251629,-0.17550959363524962,0.7634307336588182,0.9649743934340343,0.06814070023235347,0.03436413703112066,0.25099874715736537,-0.16612262362072142,-0.04777845273661224,-0.2579172758568949,-0.0888716132447306,0.1890944971122107,0.30498460159638174,-0.5423865607325524,-0.018137228892434187,0.03376357931966824,0.9129471767938037,-0.6740504308103489,-0.2846251981766527,0.18348379004276033,-1.1081859485366592,-0.16264149008674283,0.36022458300086985,0.09023742082256432,1.6099846378062828,-1.010079033379588,0.606433831712988,-0.5845636835133583,0.07323318132483173,1.6180904042449462,0.15915525595330807,0.4519999226300604,-1.2930853324017462,1.1098062278566942,-1.5731735915529443,1.7825352035862356,0.05197055360794723,1.2462426680660232,-5.999907124870087,0.28649403770514864,-10.270740283401622,-0.9161600848239967,-9.540420343951478,-7.024000807854515,20.279524272071345,44.47712597170519,6.234033688746956,12.524229570332574,-3.4889499530097843,11.062854059540921,30.034148212567743,-1.4423230554060797,1.9222729737928859,-36.47738083561652,-1.5996151948283661,0.0
0.01623204368355523,-0.19889594009070816,0.7600317063778784,0.9605311304204235,0.07093232274543657,0.034526054057746176,0.26675176601927575,-0.1883696132260604,-0.03250845038381033,-0.2481051924207001,-0.08389241407110111,0.2215250140373241,0.30699209042871783,-0.5286104785562356,-0.038971550646453613,0.05355185983503881,0.8786948910775286,-0.6325799825789957,-0.2836589097062233,0.2132472317735718,-1.2222759621910653,-0.18078055262219997,0.15357323110187496,0.05254194310222252,1.6839224269380981,-1.1814581479133284,0.9010699178383004,1.0428846693628,0.3215484575178565,1.6731208226817766,0.07862358969269705,0.7973289565445482,-0.8380593054522559,0.8352055681914441,-1.514067030554817,1.852391928147196,0.04107490609415509,1.6348716108457493,-6.148051745847771,-1.544275505608544,-11.34589324248123,-1.6683021572015007,6.424847817725341,-7.233367620251561,16.121866287534555,34.47406404835833,3.7117761867645616,8.85068107287253,-0.9969345523318474,6.503815825751603,22.929424140620668,-21.419706441467905,40.49571747878213,-38.25023750637627,-0.9863550092871114,0.0
0.020810372428864365,-0.2247981875646161,0.7562805028004843,0.9566164822086503,0.07098229908135473,0.03389657557365323,0.28053064244080644,-0.2121356998945096,-0.006701708073390312,-0.21590077231267948,-0.07850027934639804,0.25549939017847595,0.30810431069716754,-0.5246069965175065,-0.0527565658534672,0.023443120338058628,0.8572035519396821,-0.5867044783344462,-0.28098789456520684,0.2454598349621467,-1.359152544624479,-0.19209814670265,-0.1948196455861819,0.03417518944259313,1.1682444493575832,-1.1652538415574643,1.6488533499524787,1.7261658315463102,0.18928177291335738,1.7787120978871438,0.05580941229410001,-0.3761343687575066,-0.19933546198019847,-2.941055193516556,-0.47951266136749715,2.3181455607894597,0.16117745095115152,2.698388084911275,-7.004324376565786,-0.9733063695100377,-17.32565625450854,-5.6254837408663985,-24.77495897307719,6.243976884860975,37.15327648324609,-17.24949954133059,-7.955050114824212,7.805403848166458,0.7474647828363631,-31.287703633474383,102.20783231074239,-18.552949169192658,41.368691483827305,-23.79683071085277,-4.609733985714149,0.0
0.026530718224080978,-0.2531277587766464,0.7521512435454675,0.9538854078192319,0.06828699033551522,0.031141699204404537,0.29063673248768235,-0.2329219077790532,0.03172471491501793,-0.1954620572846295,-0.07483340937420156,0.2900282057766579,0.30891330549960805,-0.5309723077615984,-0.03761444759146125,-0.030941897167358828,0.8498088143469124,-0.5496525082873667,-0.2788659075601523,0.3193782759309613,-1.4578061543085978,-0.2221082417048846,-0.44032614661394465,-0.23899977072295012,0.9807548320609175,-0.9290325536291146,2.0889756366131924,0.5088467070678886,0.18464645892818354,1.760981978867696,0.036020972490964656,-0.19181556138055567,1.5404912588169464,-2.2541329732188626,-0.3727301876036683,1.4711672821338153,0.0646231704110329,3.6017288897097375,-4.04765942047236,-2.063988089207079,-6.329737627389927,-15.960162156431355,-6.214775408129711,12.303950647160068,13.139293944380313,-48.887753655210844,1.5986814607954936,8.388281454594063,-0.08971393232149912,17.747049275374987,80.0723077260619,61.701391238997815,-5.478996344427667,-41.77263443588211,-3.8994416692709626,0.0
0.033633136982369916,-0.2829047119256788,0.7469252893917327,0.9515865932978494,0.06504323204596679,0.025588853309281488,0.29932848846563653,-0.2469789657526228,0.07616253875593575,-0.19688440141793298,-0.07681671798723376,0.32730008481886635,0.31025255986340805,-0.5335502071433175,0.0022355759368886396,-0.06988559931794325,0.8504229891048644,-0.5611513084585574,-0.27866791703817656,0.38028120163294493,-1.5093756893263428,-0.294585215363274,-0.4839904507617245,-0.4749101084412523,0.8835060587347592,-0.5837797922532947,2.272330076329683,-0.35017511413596053,-0.19205024538432722,1.9416158832158668,0.0745537433067887,-0.04531071315267747,2.2594287714560957,-1.7239138082856098,0.07218235400392216,-1.111747794626971,-0.013429282935538188,2.433283907725612,-1.839864189258484,-3.869036986853105,3.0146779478464576,-11.78145875830621,-3.9660622365914335,8.681650982830861,0.4982542503691658,-15.281579164546294,-0.7097437313752111,7.851112667794843,-0.05121424035772057,9.48831716392785,20.008547715256526,21.45079365534132,-5.833448293260123,-11.428906324120842,-1.1842124073354658,0.0
0.041751698821328,-0.31338804814794957,0.7398010222846223,0.9494621063010518,0.06259309998592752,0.018263653521007586,0.30703460960058804,-0.25650995649340486,0.12454072014123388,-0.20293115447721538,-0.08509967564499987,0.3675667399839969,0.3127398597937228,-0.5350101301804518,0.048462600023763486,-0.10363239092061306,0.859457938238197,-0.6120576304940042,-0.279351275464415,0.42611100999804485,-1.535213427728853,-0.4111577387426382,-0.43707593639107345,-0.6493245855822138,0.8179183306238512,-0.5235132998049786,2.64347616282184,0.12439286147931625,-0.29063538604297173,2.9629844983501887,0.16022296099476055,-0.05740748609428066,2.3150584683194615,-1.702434030827949,0.5074060849856872,-2.666270140792037,-0.03597434312901595,2.560253844191852,-1.1934783482545637,-7.226273332762227,-0.06783449689442778,-10.82678701771004,-0.6555450889724785,-19.819119726826756,47.25566208068978,95.35160071742908,46.55017101185522,227.84396567971092,6.310965755130622,3.936993641448778,1.729714607399091,-5.267446364935193,-1.146468939567317,28.66347598306732,0.7829344081130637,0.0
0.050683511350179934,-0.3442843891083754,0.7299148141002999,0.9471399105670422,0.061314954406489416,0.00972573174053646,0.31475685269632364,-0.2704966112559763,0.18244428555737546,-0.1953899237317123,-0.08825854732984545,0.4003789411947042,0.31617896807463053,-0.5389588578369308,0.09544281148379528,-0.1361987189360283,0.874880934542889,-0.6624692524436271,-0.2804051707926824,0.45954420128838946,-1.5478327034387453,-0.5564117732745959,-0.3057110412506044,-0.7835639516932473,0.8907167693009931,-0.8217742013336232,2.9451302895399465,0.20994860723768988,-0.059948299424089614,1.1342798335181286,0.15563398122650673,-0.3906000099008381,2.310604060209773,-1.603845396757868,1.0664247166218828,-1.7991952902601491,-0.1554063236270103,1.2688123472340964,0.11352466467948474,-6.3664287466540435,11.29471167014462,-8.522968061742844,4.2404555692312815,-10.588075455700144,-3.384474613043644,-28.105949371208144,9.613126590389498,-32.73525091438713,-3.025888105348501,-23.308328043516525,-10.056221004041214,-0.5308409075476355,36.07260159935689,85.69536535359565,-10.482118189814617,0.0
0.05983633322173954,-0.37527857073355986,0.717385714781008,0.944211500399306,0.06275639442607797,0.001588190582539963,0.3233013379542414,-0.2952785164642124,0.2366792381274363,-0.19583670708193662,-0.0816502351381746,0.4049041122880402,0.3183064720162492,-0.5546053278754578,0.14327149105764997,-0.1605444965096568,0.9039839315062042,-0.6891520818070759,-0.2821709443645744,0.45942988001360857,-1.544184524576808,-0.6766305293005139,0.07269337528662961,-0.7871771091880931,1.0149641718925588,-1.4179429626427187,2.472333149066203,-0.1842065150988751,0.34492059147672754,0.03540514450584695,0.07607459969747252,-0.9636511468158698,2.316207904038951,-1.0254929651500464,1.6286018623108018,-0.8989291130605235,-0.06398778052987301,0.3979703638548641,1.1300603151442983,-4.961160036383888,22.088245694257445,-6.153974497699267,7.905170341365451,-9.342487048066324,-30.81642035620482,-14.320990866654236,-12.997862137531238,-5.4608003061447326,-2.6744577561201845,-10.522491247088272,-19.68839988811957,11.604262819487813,11.131308992481253,48.57091051225194,0.8695264142079837,0.0
0.06856846097726686,-0.4062438596983971,0.7032279743792851,0.9403230006919779,0.06823729688022799,-0.004280733500838019,0.3333436680136699,-0.3445552350253406,0.27331936465824075,-0.19754643909935896,-0.02764957509190882,0.4095796982769342,0.31713739644456246,-0.5799185870943082,0.18713297480229316,-0.17478932392493401,0.9372400916726332,-0.7078211001551883,-0.2830887658524537,0.4326078847762272,-1.539789396127912,-0.7229560641057325,0.5856590757747961,-0.6718837401056074,1.123354044751581,-2.628721127739665,1.4025007693803824,0.04027307396851872,3.1036292188983836,0.5284380071071803,-0.09938958049090701,-1.3276802441434827,2.0406726175608756,-0.50764802122186,1.6052001113675662,-0.6977310550570422,-0.047765799855583276,0.4106153821084586,1.6427478318878685,-0.8400956294103792,26.784020954492142,-6.744409533820276,-1.882247306538272,23.54898731554737,-43.92265213926846,10.973330392570446,-41.29399455248024,22.848829857505624,-0.8137209780970107,5.101153527612613,-22.98182087833009,17.097825027871245,-10.070116043196949,34.10531792732558,-0.985977352818604,0.0
0.0763544962708402,-0.43756270748754295,0.6905268621707085,0.9357653543218891,0.07736465005425966,-0.0061996006293448,0.3439759839361552,-0.4386676404938892,0.2826557966796131,-0.16076155807727782,0.17575752478748366,0.45931678674327237,0.30947296893081117,-0.6046866533612786,0.2173884373035297,-0.1881829684283145,0.9471219752974617,-0.71315328131913,-0.29046391183061226,0.39121479414249655,-1.561013540703829,-0.5486820006175483,1.0414348284520527,-0.4136163349922816,0.9604959195172099,-4.37148423875488,-0.12854786951413716,2.0902269091469488,11.247650326148005,3.5574075588688445,-0.43870094547351435,-0.9099533819803998,1.2690821493952151,-0.547800643640344,-0.18614125867209366,-0.19371763503695824,-0.44064037442136866,1.9507216351792394,1.7799618213180788,10.912244522959824,25.872748687578124,-9.608443701282305,-32.47053303431744,152.47595918387614,-68.93366001739646,-53.97185693395308,-148.48859870963256,48.53566640474358,2.93294101593845,49.65495928828207,-21.517923635637196,26.125515125738197,-63.39102513126689,-9.659706597054925,2.429779655384499,0.0
0.08475564760598817,-0.4708324721897813,0.6806528318980198,0.9305813990565014,0.08363203870321771,-0.005803041825539955,0.3563569369858783,-0.5565856964795335,0.28428992357809657,-0.12827825111224556,0.4567683082810313,0.4474689671681124,0.3064332854309452,-0.6228642419904993,0.24613593276693266,-0.21208808215780492,0.9209432871020541,-0.7232297028916956,-0.29350048608034307,0.47730993238286534,-1.7562529416510022,-0.4341397653005617,0.3278917091716179,0.08074808035847496,1.6431944448657438,-5.865498351601173,0.890327703293617,1.0086206551986245,10.904004294587896,-3.4223925894784935,-0.0015537813386291826,-0.7018666300811272,1.6954083649529927,-1.5866127134393868,-2.310315340762058,-0.9346911973557933,-0.009732989140891858,5.710940597950381,-9.20179576854041,7.828914082900269,-23.388159950749237,14.987317802684961,35.61112112251563,41.391374613377494,4.567228020992683,-217.66730535434496,-443.52308648668946,61.442138103663986,6.298076848065028,27.025810092628383,12.86722180193233,-31.551297216232694,-103.17299487924161,-63.70032059525795,10.732813434519432,0.0
0.09513278356405012,-0.5062303021209069,0.6732272470782203,0.9241685849245689,0.0875815551956939,-0.006982020689640574,0.37174339162265285,-0.6577271168426096,0.2734039737315921,-0.15174031494816503,0.6757797301355731,0.4426953548432338,0.30631330805340856,-0.6278043345634113,0.2796210958366048,-0.2404874076907964,0.8782285216868535,-0.8145221329804924,-0.28935360971600976,0.5514028964847663,-1.7639968210456367,-0.3001700078572687,0.529679770352707,-0.3432960363164908,1.5850875464294383,-3.566806911601975,-1.8558542177736916,-1.8183465252213102,10.255635213222343,2.3759190960564687,-0.02630592161241373,0.33586040270351514,1.616258960220791,-1.131824938462532,-2.513315231089132,-5.633879508136578,0.29149771080458514,3.8889212488568146,0.4323562736667743,8.82385660395718,19.038248879039127,-24.08072182730583,-9.92135477184155,208.9724114195998,-119.97863557905822,11.90137363128898,-181.49505205611393,83.7372877485169,-0.9470218970186822,74.60246866461952,-7.702180925707849,36.31344656637796,-70.4465122459256,-41.003537395288035,4.18357406875061,0.0
0.10698804196480323,-0.542892578205854,0.668228232118179,0.9159570644108165,0.0919656179797765,-0.009727019244452248,0.3904745399666089,-0.7233394417069489,0.22067930135862612,-0.1959202828446062,0.8550055274681737,0.45658145103146086,0.3074180837055495,-0.611799769840849,0.3059068756671749,-0.2733396147046788,0.7986335477341129,-0.897986280877995,-0.26963782786935075,0.6233753796913402,-1.8840533330477969,-0.20972601343806918,0.3489654001919495,-0.1945812886874343,2.3756812950308843,-2.7323062330565473,-3.2523757453669124,-2.2124587776621434,7.386484350978894,-0.40051209911485985,0.08191069625984852,1.160733293288621,1.1094168892517104,-1.861994699813245,-5.268192816095615,-1.9224973389291136,1.824218444227852,4.826835569548438,-10.10849721110066,3.783353579294404,-7.847397057779135,15.731115008069038,44.92152574400155,36.17162618075014,-26.666737542199808,-234.03961170894314,-449.52391871462123,-1439.3538633582766,11.21195670512567,31.10331344171283,-11.713283025649886,-35.02435180554049,-165.9567442950484,271.5687859655294,116.47879926472183,0.0
0.1198886323780974,-0.5813650487346069,0.6636344520791461,0.9048812314431366,0.09638942534584455,-0.011813786608869925,0.41443874108173134,-0.7643310338594209,0.13510450235217897,-0.25545760858844846,0.962314663623792,0.47475536512180955,0.3113866372078918,-0.5844162578781154,0.33258788946972984,-0.30032750389224405,0.6518262707037659,-0.905872048487309,-0.10715251895333416,0.6442510115324488,-1.9310076592070635,-0.27820651064630963,0.7005854389346261,-0.1371433296004315,2.7988854968310277,-1.4960457174964346,-4.9678340528858875,-2.81519861475187,4.0971756606511,1.8968572255719702,0.2155378330102661,1.6577306971003156,1.3165528300593656,-1.1415406737543887,-9.860959529915267,0.09592603290239604,9.883973185864317,-2.6353542301522004,2.06849190242644,-8.059140677819798,43.65010305886371,0.5308420403558871,3.2762235851410653,70.42975707577102,-52.948518021616024,188.67154965427858,-77.60482961477241,447.3668951171013,-6.30840113375309,-20.562172531723736,-30.032290734812648,18.664044504508297,-94.36923398200679,22.011084489606894,-100.81593396997177,0.0
0.13207047070431738,-0.6206221869478309,0.6548690357306807,0.8930976134486589,0.1041033424633884,-0.00969162686660079,0.4375445340864618,-0.7892040148336364,0.04201490694062364,-0.32479280723957943,0.9843083611302483,0.5204016344244615,0.32243212261343007,-0.6068843015978824,0.33862591889106913,-0.35375630030605737,0.616958177975159,-0.8961121041943461,0.13430825419794334,0.6149492186429356,-1.9921442519083734,-0.5566943102797909,0.9659314479834018,0.14895364428514288,2.2956407617658883,-1.1113095485312303,-3.8684865153847676,-3.5111021616702374,-0.4374397604641499,2.032437813658669,0.6136517508977033,-2.4836194178890647,0.25160849018542636,-2.992982261004955,1.958895406963984,0.5726253431003119,10.717673824206855,3.271248153216333,-4.40359822548353,-12.475076501539128,-6.337195837732109,2.4736876272035206,-26.91382545415356,-4.9258769880743625,99.49764969783203,-120.62244819810641,-112.83667360427724,-275.0185119062621,1.3565290896295932,-88.90710518955628,46.022719973272906,26.847284956628492,199.0222526567463,-2.8160352722670163,-221.43632906355904,0.0
0.14548713338380684,-0.6611906242953597,0.6414046812207943,0.8856743244302778,0.11250598889070398,-0.007240641776526249,0.45041199652691405,-0.8016130119379112,0.05643877604376413,-0.3339396009441212,0.8817687297977478,0.5539177972305402,0.3347047485443721,-0.6849726187382043,0.3463682443317639,-0.366942804874809,0.8163097112580279,-0.8990638919290201,0.22151219313960485,0.7489242827949952,-2.040420252164756,-0.7569977872896382,0.7228326630663314,-0.3028226196115399,1.0169462009975674,-0.19043147995378634,3.8512623298059205,1.5883579802681247,-8.114322909289708,0.45806982037932387,0.5168206898542727,-3.324009152574675,0.6194589611630554,0.09879812765472162,11.767714647046315,-0.3760973072365358,2.6717104780223813,10.030854280458168,-0.2004472532476762,-9.060413880173211,-38.01858905220246,-37.64878942232728,-27.79813555089636,27.521426322316277,265.3181378675093,130.88128137403393,-174.46374369630382,-77.13890065917727,-13.718324055889061,161.75733230810476,28.591803330340056,13.8897968485164,-69.91467680752102,-6.573913062609185,-78.22394102370549,0.0
0.1587658321124686,-0.6987376575058467,0.6225556462821238,0.8822344492686076,0.1306163768144632,-0.00817348283489446,0.4522553845007565,-0.8000903546497973,0.17003560640621485,-0.26351509404296797,0.7076134474138601,0.5580395528815786,0.3414981148709338,-0.7713499137074823,0.3115514578997031,-0.3054599292522299,1.3468288727071824,-0.9025353480168048,0.06715620612956603,0.6597710399481276,-1.7613964166115808,-1.0450638126677778,1.8579170464371193,-1.4314755466865459,0.20451043638222188,0.17058605852169098,6.339440030766441,2.954508007338773,-7.850514568948288,0.07114898090282053,0.22658301951294543,-1.9223875566205968,-3.2584601377145415,4.465209153453024,29.636979832899907,-0.03854064780685242,-8.375842023121383,3.7798654220978634,10.181218738729175,-7.6299013930968105,-8.192691822974759,-61.34205395694347,11.913290394044273,-12.466154877081161,26.549475967399996,-227.37900821958968,180.09692910260262,-9.55599456097657,-9.944317954018869,451.2988597785503,-140.23821006937968,139.44139999725184,-196.9952938887666,9.903402540851678,135.47390958586473,0.0
0.17190088215206648,-0.73225653472162,0.6020735350760161,0.8748270533194261,0.15758533174107434,-0.01633338674767081,0.4577965819857728,-0.8003925791579238,0.27719092965271097,-0.23533411504141405,0.567985435800091,0.5571268163708379,0.33470931286605277,-0.6992378611779757,0.20484769033368924,-0.14196216159006034,1.7930917340229093,-0.9073188966617549,-0.09759609926021234,0.6462520636263789,-1.6094453299320977,-1.0228732430099887,2.228066073816825,-2.1473675714638647,1.5323969477707082,-0.6375353034773398,4.356654931355114,-0.497599271065004,-5.424336736156084,-0.09166137375480998,-0.49674170774756243,7.615132827291234,-7.458305748098205,11.054242673897583,16.253267038878086,-0.28635546192195693,-7.163214954799542,-1.6420668422327183,7.88112706451105,-1.8528705349869146,7.869097092733551,-26.44491836888324,71.809818547427,-100.62554623083184,-110.96722510215665,-228.99909788406384,213.543280666376,-1.755527038481059,-1.0517230470177017,392.2606479067416,-267.13388298723413,299.31965464993567,-680.6547140765742,1.1827844561027128,135.81156905593716,0.0
0.18523733207402482,-0.7622920128198944,0.5813204188625123,0.8628443824472967,0.1907371520859159,-0.031206935695979685,0.46705999363868034,-0.8018853014639292,0.3793590874909132,-0.20943065218282228,0.45707248166382886,0.5519061521544211,0.3296354839042829,-0.47845266469358005,0.023932015621711433,0.1437700709627142,1.9464289901786196,-0.9173559373304404,-0.2035677347710149,0.6592453085307028,-1.4013725939702097,-1.102551778603046,2.622729054234966,-3.0210106946134947,1.6332757530537863,-0.14045145643680998,4.932944963168518,1.2674847524185475,-4.406155988761352,-0.30064473148663284,-0.1382079893176471,13.004400001393757,-10.879596357746053,15.474115152158227,1.3652753677963474,-0.5234351397859641,-4.35095288100682,-2.3575205552768743,11.48264233505317,-12.138519113250695,24.18143966629375,-24.62197076705015,10.104561695625254,-46.129808043296414,-54.79969725868289,-92.70595427964413,188.3915140084515,1.5850244989711715,8.104134739445868,145.61084099409476,-225.9901215035589,1.4318066795390791,-629.031518473107,5.552151745379584,84.18663705236631,0.0
0.1977713554792764,-0.7897837964437225,0.561811047417142,0.8465510964271086,0.22865393908199144,-0.047376470363803484,0.4783556076144786,-0.8234450470314933,0.45137304073850343,-0.15853621490870926,0.4643447586767008,0.5468907353703457,0.31924750432001153,-0.2855209079429592,-0.20165940408518282,0.2723338028189519,1.8449265968708561,-0.98851861822147,-0.150576788476372,0.6015332452595357,-1.3991714344328086,-0.8044615576467437,3.0026009317345808,-2.9510939937668645,1.7109683134342917,-0.9443846219088374,2.65877007550453,2.7163099774080264,2.4398323914103295,-0.17745704157076528,-0.5922176724492199,4.23845366998946,-9.072343173973149,-1.7330390700391174,-0.8170347835689216,-5.777291225191502,1.88744009972876,-5.556219054034496,-2.2806811080773306,23.697929700052114,31.766868544011356,2.9981711123522583,-32.06710973621358,86.45323238481987,-146.44605103525646,-46.699743139089094,114.9301187615921,8.57592522417144,4.420618268460289,-452.6330076496948,265.50825046563284,-399.32270130352657,508.355779213623,87.89187743065914,-285.8200856313707,1.0
0.2077349996573013,-0.8192117781319055,0.5505023049087868,0.8309656380150393,0.2688214236656976,-0.05627098113411279,0.4838023638830327,-0.8414434763886068,0.4414739283033428,-0.1573139395995613,0.6257901672505171,0.5408173726859266,0.30810713510143833,-0.26908972204461895,-0.31749494237111614,0.24385453417717254,1.8981437688001295,-1.047078346668489,-0.11353253142221459,0.4262149539114317,-1.5329775899838565,-0.35040222729918147,3.727308669600408,-2.429387325476999,0.8053440432214856,0.31208732156331204,-2.590761408207954,-0.48364733910886676,9.456146715576013,-0.26586419170359793,-0.47622036206925517,-0.7597191494844262,-3.8254287572208723,-0.07902274788892999,3.819150906067832,-0.8291240428869198,1.7209861811161418,-7.125648148603993,-7.406823071108117,24.61199024376002,44.81008215458252,20.577955913188177,-44.21118159312095,196.27971571041027,-207.47154983155355,30.198055470577927,-34.12583209761778,9.544079886042676,10.934099290619985,-104.91220888660132,163.74990254905268,185.2786431632847,12.600238533279459,187.30104147424365,-33.752293151538936,1.0
0.21549513387385438,-0.8518361944447536,0.5468399557838947,0.8167890374783303,0.30656617620259413,-0.05701449060366576,0.48540930741483246,-0.8449477935246427,0.34971787575680013,-0.18888271672874762,0.9011125777596021,0.5283377590333197,0.3015753846253114,-0.3030430790648315,-0.3608823029702653,0.25546420766203387,1.9638512137912643,-1.038338599503246,-0.1013323620388359,0.37671788479854473,-1.7296218838045645,-0.03469850501002628,3.3009259421583628,-1.5136922641373496,0.3667717037795519,0.4672613981239031,-5.535839135764852,-1.0300045166631213,13.90422309550628,-0.27011955299059026,-0.23442566621464542,-2.2725599938913192,-0.9202485728389264,1.1496943055302307,2.3767669541025356,1.0520041025022653,-0.20858331430899718,0.04302170820145946,-12.53306692450458,16.735493194365464,-22.37720004737519,48.663564176718175,-34.1882606169674,118.2357536794568,-68.75728270504234,118.53971282441195,-171.070428890964,30.372343700145137,8.140852889806109,-55.97744481886255,131.1843112440984,56.50703867026175,-127.150030816025,37.22979609045318,-89.202736041198,1.0
0.2248572723281634,-0.889717749459622,0.5489256592420638,0.8087222323332995,0.3309905320299842,-0.05381559793423625,0.48323648460700236,-0.8151894428458312,0.24149326575555202,-0.21145949339885647,1.1412862698028103,0.5083141396267393,0.3002512354282846,-0.3538898698596078,-0.3338932359482101,0.2733400008222219,1.98323592575548,-1.011261284326826,-0.13807563536519182,0.5449456599998959,-2.038983307219476,0.20950424529782807,1.643289908011048,-0.5956345598748518,-0.3693971105701609,2.3498928481974763,-5.029438514192602,-0.8665543138855074,9.750416273365563,-0.7978263714821947,0.0030519177291372266,-2.7912573803586755,2.9694375358516414,0.5519270104500534,-0.2764735509961797,1.3765723137925512,-2.6795897988377875,8.493111579083012,-16.738560623962297,10.757809536359813,-81.82373407503279,54.38525236674704,-39.973662119898606,87.86771428810117,59.44602750549126,41.79176440622932,-278.1432114076397,36.55187907118911,3.8357705462738276,-32.300221069567144,159.11042198940427,-50.4650142662252,-143.28050557633588,-11.471477584404461,-57.39649259589834,1.0
0.23957002101206468,-0.9338441123102683,0.5552352190801018,0.806068976975255,0.33479631787643976,-0.056504309358750275,0.484738582040191,-0.7588154205249568,0.15982588325993088,-0.2248771283199403,1.2779194054348515,0.5017768234926507,0.30140607674325165,-0.3846368886797721,-0.2377594619916913,0.24599193458553978,1.9388145079935561,-0.98288082849923,-0.19595803377775542,0.8811486039538046,-2.3456733160556267,0.39196849859394145,-0.8051941230677222,-0.11433182616844105,0.8321316627429287,3.0760626326937954,-3.203734803642707,-0.5601946541027676,4.6162467747086176,-0.19666111596891983,0.07093815867175507,-0.7324950577182234,6.039955962724196,-2.8877728796162434,-3.9152356642038506,1.2979630218939082,-3.050360328298236,15.26246406718367,-15.576037894086843,7.672193526129538,-116.5287166742136,32.92371161245826,53.86254101462385,15.78361521850033,105.44151871689236,8.485361591144192,-226.73663058404904,2.12408810458225,-0.20139059705175757,71.25898587437017,115.9199954535859,-160.06711061404738,-199.8419063900232,-21.261637603960658,-12.862503269892533,1.0
0.2587169683661375,-0.9834056021178078,0.5654780359476574,0.8050653558696622,0.32180330000996055,-0.06503067766303242,0.4940479934620122,-0.6891023987168682,0.1007561681579846,-0.2215336145595767,1.325999020154938,0.4949570306422769,0.30300000608683764,-0.39010037801877334,-0.11264471597488412,0.1722390643541783,1.7955542282615482,-0.9564448201518718,-0.23271999400513768,1.014818543329366,-2.5733949792846076,0.5745062661877273,-1.819771829395142,0.5937951836553982,1.4188677113580053,3.5516719599144118,-2.652823956632615,0.7054720684518423,0.9933616354367121,-0.43007495980199956,0.07267025961946355,-0.4560216396558793,6.395870160359013,-4.641426314560261,-9.934159289204302,2.7225410139843653,-1.48159261430889,4.710175192598153,-2.987394988677483,-0.7637114131465093,-27.128413025810357,29.647972622884268,47.684102624250926,-11.538170832512813,1.7627178393414624,56.71960674380004,-90.10871551644196,-13.969765652665727,-1.4445303224652593,-248.64034491780032,-22.1003688785255,-114.04772359280494,655.8949832117318,560.5244396102821,-480.4157779797994,1.0
0.2802834657864064,-1.0353900118722161,0.5784507857428127,0.801011591346991,0.30225984212948204,-0.07559480570102242,0.5111798545665182,-0.5972702262187082,0.03608806800728544,-0.19484058843106944,1.279067136111149,0.5220691384421544,0.3039175416554155,-0.41553520887437523,0.011741338691978239,0.07359707547138498,1.6485392060957267,-0.807952609423636,-0.253358977453888,1.134978333407786,-2.618225903501738,0.6803854223732593,-1.9906150803691942,0.7307702311326644,2.5262543529354886,5.024870349441601,-3.398716495865048,1.7089174640356248,-3.9823251727294564,1.234154038817154,0.030407916132269636,-1.4803602415000225,6.453579764097815,-4.912185968823807,-6.8796078609870674,9.960193661042913,0.5637772465780077,5.909499639798708,-1.9161774872119264,0.9530101646068948,-20.548017270638987,16.959093962214276,50.74909942654188,12.928698125305296,2.5619955260090848,34.80851301437358,-99.35833733741416,-59.69238988888512,-1.2950192429483027,-6.092095484001768,31.125069239887907,12.392910997861804,2.062480314084791,-72.30758978804118,146.2039158738623,1.0
0.30333132427186055,-1.0884252486722024,0.5921215753555364,0.7927954721336066,0.277638041769663,-0.0850642853864616,0.5358698764424528,-0.5004765371767675,-0.04154541498454423,-0.16625294422864004,1.1805874362095867,0.524036568553572,0.3046816752420525,-0.4575535219862168,0.1435919140359906,-0.009663255941835442,1.5194230040377634,-0.6991909748025649,-0.17565789624849437,1.1738115971670193,-2.6983654091547375,0.6551184233210287,-2.12075552591203,1.6583515922476522,3.1424432253905374,4.036393010106986,-4.533586555343887,-1.4539846397777627,-4.755789141292503,-4.309968349674891,0.1324510851851537,-2.692417666170113,6.759882004455742,-3.6708452176355895,-6.689206430481377,2.8984549687803756,4.686259750246892,5.667621903867078,-12.508406129000083,-7.232756288366389,-20.847096636268155,76.78676220151887,21.860776149550084,-259.59611513578403,-308.5756352416393,-1635.1997396404788,150.8710059684787,-2209.8820314563754,54.18775398679549,-105.9030655571692,43.51135625513799,48.56748400112083,-58.185434533934064,-195.40106733721237,10.986040935760482,0.0
0.3279367692382113,-1.1451194814609595,0.6042846839990297,0.782952573389487,0.24494147004433167,-0.08714214259601583,0.5651505914878601,-0.46547902147965864,-0.12365078411523457,-0.3428375916123706,1.0705334554066699,0.3581808864494819,0.30998983797597035,-0.529946833594881,0.2691012393318911,-0.07871812350994181,1.3482692449722762,-0.7408306729450113,-0.028323174252982756,1.2587536850084171,-2.950946502877113,0.5424230574739852,-2.1582572540040825,2.9067040514212503,3.023120896377207,-0.4894234780928489,-2.1205546634406716,-9.915992186082512,-5.514220283205001,-6.326725627359935,0.24097762869678474,-4.230673212530188,5.785193446754898,-3.3060654057684187,-12.061042365692026,-5.453820698843071,8.251343812898195,-1.6092573915254835,-9.32247404474628,-10.643233160638724,27.252771995508052,59.70771691383261,-29.506555457353066,-277.35845821242094,257.5127419100885,186.2880508670797,79.3112401128105,385.4957140769808,-5.8636041261059,-175.916672268827,-150.70444390115333,-102.97329114163534,312.40752712611834,976.1904563030615,-704.9776243397376,0.0
0.35324881421092097,-1.2053688721521787,0.6127171723694496,0.7723737881717966,0.20902712476566968,-0.0810029888473841,0.5942936212472228,-0.5192620094457719,-0.10605921316712769,-0.47261132254927146,0.9448588374886309,0.36880195101129803,0.31837326151101064,-0.6162869618643227,0.3314550628815473,-0.19577836470514076,1.084991362931457,-0.9612372784671953,0.1613124023537066,1.2386497733592956,-3.028360159350764,0.304932883892036,-1.628332154750294,3.192938786535788,2.8433389577959463,-4.480627716879424,2.8200590904354756,-2.2646714184813543,-5.592761431926056,4.018425033912607,0.3915882724508872,-4.344899490561146,1.280936579785483,-7.400182456193586,-13.572752073987862,-5.7134381081590675,8.952620880620918,-6.872261143813018,3.802897477929265,-12.911494462232529,54.85500330212982,-15.211367310477408,-42.196270338445906,-145.4746114736886,146.3681098870878,687.4774956935426,177.8999676860551,649.2864150533794,-20.82083236524025,-2.731738644578252,-177.77674416305916,-110.79847812559849,165.01236772602078,879.6509245139922,-162.28713920607652,0.0
0.37669886745477843,-1.2639496608409442,0.6154558592105085,0.7632988910652242,0.18394186872721746,-0.0706010875381111,0.6152687853825954,-0.609527883762846,0.0012826152537091465,-0.40418041731306376,0.7855996068665775,0.5097644433336302,0.3307085482355074,-0.735089386824822,0.32693755779671724,-0.3236486845841129,1.0811042418915593,-0.9817428720642725,0.24568677748288129,1.151202883304249,-2.8374990494692596,0.038680560750203166,-0.6517094107405551,2.0323666351634637,1.8081479994419678,-4.103813921536491,6.381931998592179,5.86269669076665,-7.868927956286263,6.3356768387539155,0.6074478171748189,-5.942018129461878,-0.9891424028000227,-5.105108939603818,6.818801881442378,0.7821434286984953,2.8764261903521895,-0.06480314844262103,10.626712588915993,-7.812245171209731,17.39044920062215,-81.51183354604727,-18.823350835236887,76.26083883522976,24.80348544142298,80.54713683233024,138.83909387871526,-164.56609741771481,-10.347094310908158,107.48928989384603,-51.19995662081954,164.44366746835675,452.9553382840997,87.74263199513005,-70.43760136466496,0.0
0.39626402504016844,-1.3185051530718828,0.6132136223912557,0.7497700574912786,0.17550752770204242,-0.05955155628037797,0.6352130199815069,-0.6899098315377471,0.12456863280583746,-0.2632803452049919,0.605229835026381,0.5686113170327318,0.33493386661237634,-0.8676363104857223,0.22681663624296133,-0.3608915610426106,1.5072666250141569,-0.9535946429253929,0.057818995592373544,0.898715378091855,-2.6464588096837667,-0.1956598488883401,0.8384903098329736,1.2183563178918604,2.8061739642529,-4.027922635345685,5.18155653644768,5.428056008448099,-8.311999377645062,0.4760503876534553,0.037785148873738135,-4.968464157911509,-7.214443479299254,1.422944924642742,25.9716705259246,1.4855318469517889,-10.022618507797512,-4.0180352282718745,7.505007511609875,-6.2998908558178055,10.689969302510702,-48.95279944616559,74.2504201949778,-21.383907629609368,-147.7063203257177,-368.99753659677,166.41568394246514,-144.11675989035126,-10.38051945730537,326.7827445308709,-153.87695311425418,412.35972996021906,26.912172003489843,-14.614756684105004,182.67392994104202,0.0
0.41421933179409354,-1.369607184749141,0.6095990507818433,0.7269573539595011,0.1791794325720122,-0.05697419892579385,0.6604405174761284,-0.7667772607060364,0.23401053804757954,-0.10037861342522368,0.4823153772306799,0.5608739161739995,0.3313566680053795,-0.8649988009617446,0.08531759684178111,-0.2265277891702721,1.9294771491548646,-0.9332131193916905,-0.12331737376733745,0.9032115860468606,-2.4846088876977563,-0.1587330402688796,0.9340124385405277,-0.5234650335027972,3.8308088561407017,-3.674773264615642,4.525518051878323,7.072972623901004,-3.9155275423402607,-0.6496171699806506,-0.24080654007817856,4.577849736104872,-7.221900945196414,10.423859164499927,16.320667850073793,0.7259899152838554,-7.71202895161163,1.3197560206376686,8.10731821899792,2.7012691087678125,-17.15283727526283,-90.20131135276482,73.39945519520144,13.615156831035423,-166.17168880394016,-326.66033951959105,242.6973870280077,-4.680669933761386,-0.2218063637119969,511.3194264844672,-35.46586560728448,359.2062727019748,-587.1797413666288,-26.05817259593548,151.40553645009413,0.0
0.43388276305199214,-1.4178383848984253,0.6072549815380894,0.6941746428072476,0.18833711773330764,-0.07132447664431779,0.6910597039321237,-0.8269416441046263,0.3216246969119674,0.05871053125820692,0.3835555311261096,0.5309245354894877,0.3270603872005971,-0.6679702413097226,-0.03832741782035426,0.029714656339019506,2.064493053313169,-0.9247709902967371,-0.22879587648405642,1.0195278199776558,-2.332793523016361,-0.13274243280365877,0.14683788568225298,-1.815496697665006,5.4407584890366625,-3.120962706180007,2.982105909856307,6.010525977376879,-4.481009720632938,-1.7174597594963836,-0.18282183133204744,13.728060793943332,-5.82624267895777,13.088295160321712,0.12393447945274616,0.25719795235663223,-4.204590731817885,2.2805149749427813,10.278441057964255,-6.264405712304054,-31.867493841864572,-51.368416602791136,102.66163806601135,-62.28336382986433,-210.26029887956042,-346.42067779219406,110.87972264076186,6.27392007600228,4.318202711152936,389.8168384310576,21.626327551112368,-113.83654660915586,-627.9879319097514,-12.916189167849186,87.75698251560908,0.0
0.45552990090676654,-1.4631949875374777,0.6022413660869202,0.6469437782012275,0.19190915188985774,-0.0988822192602201,0.7313391360933787,-0.9202992551795696,0.3432872167541836,0.12985149909599888,0.299621354622202,0.49846722834779,0.32645261444473206,-0.3403652442873529,-0.11855331967660941,0.2182151922890742,1.902164234635766,-0.9188304392665704,-0.27116726248088024,1.1127720642061498,-2.2137414795147237,-0.40876009996613216,-0.8342868584362202,-1.4960765755716547,7.266551306025243,-6.193752751236756,-0.418648517737449,1.8966663959329968,-3.579170409411429,-1.4862850816185125,0.028925938276968714,17.505535169431106,-2.1623739205356705,6.183896673115231,-11.992580876442657,0.265940478797172,-0.9157353009672842,2.028212719407287,5.181832746410481,-22.36316080770791,-28.96210492092214,42.405062387967675,50.6696660015554,-179.55250942448492,-147.37218561767,-129.09120397425065,81.09047539492137,21.65346409446186,2.930851215064445,24.931016859267356,245.2587966311299,-324.1878829688806,-189.48175685512447,-6.103117439941492,132.95310889944898,0.0
0.4754448501290493,-1.5084212844968825,0.5930575992133578,0.5945777475387933,0.18895813309763326,-0.12232078329840826,0.7718871368543557,-1.0709350661024097,0.2874931636214893,0.10702892194611868,0.33898563585467084,0.5054114850358632,0.32080690191726124,-0.02555072461017084,-0.1493988013139759,0.2846591119464881,1.484396200544951,-0.9366794141791128,-0.20047396563629036,0.9306345968044242,-2.3753984165654147,-0.46188959264829915,-0.2945918058927228,-0.5517736030452839,6.188766916423065,-7.542465441438348,-3.5532829026791353,-1.3237818194318511,3.7101652421500413,1.2539687324983901,-0.35608976923932983,10.079906810795547,-0.15147871579638944,1.941543281308042,-17.762049932141693,-4.285130614202302,13.836983243622088,-3.797599738917705,-19.94299557964385,10.855466713315643,-1.5579846080183728,57.686303447439485,-105.21107155249744,83.8437260036774,-11.212128721394244,79.86975245127788,0.12344170654465358,49.170143597257066,1.064046522933261,-1002.0239895487184,199.75979529487077,-164.19736076958162,1219.5124558081393,-454.468467783475,989.8073024645462,0.0
0.489841686304782,-1.5573129395601892,0.5888118035461195,0.5483645275791024,0.19331045691345297,-0.13604339589056863,0.8021344068018907,-1.1821531827070246,0.19652915545352656,0.08812569527435858,0.49757712496930406,0.5164787636861579,0.30464887338771574,0.03924114965225523,-0.18616056782358867,0.25668031385010703,1.3456197859013133,-0.9788462768937793,0.05071867839666261,0.5728628614032262,-2.4986482630505993,-0.03272146472045056,0.9922854018046147,-1.6292467738692706,5.036472091569261,-3.3278269805303435,-4.96445731741874,-0.07047973667631277,8.783431812193205,0.9363465801636426,-0.8685194257625071,-0.17161369379830155,-3.0874491193328613,-3.025514547071743,-1.2358041902364805,0.17923017450578527,6.9052836639801125,-14.244811909062646,-6.767122441016361,19.00124311719852,56.405404906330766,-47.90499862900665,-64.93373129619899,279.0745437099961,-17.27102816222208,110.29393965582128,-61.56505121960805,51.4408182633851,8.99946088039872,-179.66221535616364,-136.16119575520742,-60.11948839884154,288.56305735292324,175.0583432858159,-445.66600564953666,0.0
0.4986314389926801,-1.6079421366284614,0.591558273620086,0.5062198892456585,0.21268036680949395,-0.14545032422638013,0.8230143914223689,-1.209561791462364,0.110549793575458,0.14119908384216937,0.7352908768352866,0.5271636067726011,0.29437046783962334,0.03152348554938306,-0.2571775258368135,0.20316829696031136,1.3410657743198078,-0.9553288600655441,0.09681977663912512,0.34532944292576045,-2.5821380598763013,0.28027404642551496,1.70176673492882,-2.6798791946461695,3.8808345793051813,0.9082052667870293,-4.074972041741738,3.776584040564427,11.714468334016159,0.5685952314450499,-0.3290881606475961,-0.10491929787503479,-3.6929765882953713,-1.8919877087140213,-0.3869636384415167,1.481907585505385,0.4082251914449502,-8.858441949714006,-7.454885828306379,16.307543212409872,29.605015466098404,-42.267158442926615,-70.32183264882711,289.8119872490228,9.52088059387495,61.50007387806896,-169.01277495460138,-72.27460619172665,14.155903467945567,54.78281802630513,19.01619748649872,124.04979716344886,-72.6438746821454,-3.0343563364172095,-92.86518155507939,0.0
0.5031868783557344,-1.6601234734403465,0.6002158085527879,0.47295574469042145,0.24487401479319082,-0.15260520576509762,0.8325029919566559,-1.152070322497893,0.04046287605001688,0.2232713019345485,1.0365748236906474,0.48471417304601766,0.2918996452853703,0.04701563299416873,-0.32931620101285536,0.18713100758755505,1.3143729947009706,-0.9271992728404143,0.04874112671315633,0.15088835079270743,-2.6627075306384875,0.5674454997864632,2.0083211859507033,-3.6739314473032,2.0886471841040293,5.221694818412506,-3.3333127086652556,4.1820688029741575,14.614263724201956,-1.6326025363405199,-0.04023714224855618,1.4283616788002143,-3.304314400463531,0.3096117360450876,-2.405718791639492,1.2077549722008174,-2.8028738183560886,-7.023203656915964,-8.00161402863298,15.258464671180345,12.93699371116234,-30.19526924097589,-93.19395354948146,292.7831162811933,-0.5750485847019835,-5.713088183503865,-217.25915490885458,107.93204522027868,4.5368284678421125,60.4631439755361,50.341061223773465,134.78859186532196,-129.62676800682772,-27.406117931277674,21.416580588348527,0.0
0.5045199371743545,-1.7152849976723956,0.613584356425912,0.46025422488976814,0.284609456278271,-0.15206609316681616,0.827066750133921,-1.006928483491508,-5.6506372021975296e-06,0.30936059757694134,1.3284379584954378,0.41187836075048334,0.2930652773125541,0.056640607240951414,-0.4081771712547782,0.21939608047751435,1.2479232895243901,-0.8559328162825864,-0.07988584783408094,0.012732305422343906,-2.8515846903363626,0.7483431279970477,2.2294518628730056,-3.441788430085111,-1.3041860368918206,9.086423254419929,-1.4169027630822397,4.189076332229826,12.838288770456886,-3.0813291199379296,0.08208386201256919,-0.3716296521776818,-4.348791889372591,2.830914969314447,-4.1497639093289465,4.013378913329445,-6.599367383796974,-4.98542916118121,-11.096809594806896,8.340142415845861,8.652994809108868,31.079243000747564,-159.86023639247648,197.2829964454869,33.9358186796222,-28.14965177851676,-282.3806716430835,111.77122673901121,-0.3007981017528545,-108.89474495018169,-39.24690255057837,135.813223676356,-93.68127206751164,-6.826052995141758,61.36983229868055,0.0
0.5061105056061723,-1.774550595197517,0.6272355968535311,0.474028056185694,0.3141054485516681,-0.14032197026391013,0.8105213839253236,-0.8384179769409209,-0.011864691998681296,0.3582295776726087,1.5456416401253483,0.40792592827563867,0.2938530573087892,-0.013738299371626041,-0.49872709066274573,0.27855460874072907,1.1459583083171363,-0.6673136651317233,-0.27314607512029687,0.13929053084498863,-3.068414934822331,0.6003280982195484,1.223806076656397,-0.9845299837650172,-3.801273555281293,7.55570005824801,0.013372457647049682,1.1395793257009081,8.978004476635391,0.6646868379361184,0.018904450882496492,-6.281023857767838,-4.844560475789334,2.5914862825781264,-6.974292785891299,7.165772349799079,-10.008476578168736,5.397096167245716,-15.61639222947516,-11.392358784832794,-41.49735996520138,148.99724833199355,-143.5553515472649,-128.54718181563183,68.92436681286999,-119.49643943712064,-233.18948507367708,33.17171039611312,-1.3453448056428414,-316.95901948873666,-199.65952349093817,-393.0222376588708,-995.9676666253548,-1573.5330319459129,-123.89509033034028,0.0
0.5125802471902744,-1.8369349366715857,0.6349277463317647,0.508363539407965,0.3182491057076587,-0.12371048232390046,0.7905565982774851,-0.720415299326968,-0.005762712233763503,0.3216127757205285,1.698007634640447,0.35235548985759824,0.2946323732463447,-0.21978056287154651,-0.5433188566239181,0.32862775245095305,1.0615950393382338,-0.6186270151248675,-0.33386601298616997,0.46183491413035943,-3.1530567409560537,0.22586368582865257,-0.6387265464283247,1.1616657429945356,-4.486797115893899,4.789815423120244,0.5265064139466917,-3.952978917723297,6.132968634667972,-3.0912419771341573,0.04592485901155805,-12.560808637018106,0.07400432617454344,2.1965226841235372,-2.9641475369169283,1.3361906947164586,-0.2176952283527791,15.340280763834874,-1.6927152673114332,-15.242165107687562,-90.09623841453092,76.50010818548897,20.85115200219593,-98.74158051727147,18.797270891948216,-222.1614324908679,-177.6496543635188,52.62700802432666,0.2973032243724202,-118.57585225768818,414.4469993921166,343.5014238903974,311.82562073322083,241.91890128105425,143.26641212643182,0.0
0.5271101908236523,-1.899305731954242,0.6363103735979763,0.5419003653559884,0.30006770273872396,-0.12049260223894609,0.7757479620378244,-0.6284894582783548,-0.02879565421452911,0.15243001681794963,1.7058032597086334,0.22069526859817792,0.29132803298004983,-0.4785101074829711,-0.4583854849635431,0.291944807087655,1.1669359201348872,-0.7087398756487056,-0.3159640037865521,0.9067970324346837,-3.080649918501586,-0.021605242281954852,-2.8629540213840188,1.6124838093846108,-2.518344536201468,4.896513290206969,-1.7566406169389182,-10.991408579950148,-3.3282531130506303,-7.834040667609224,-0.20714253050005735,-11.814587736206233,6.925556347555556,-5.095518012826998,8.363511504766764,-5.014019735952236,1.1751353354502139,17.290950792216883,4.620978394594249,-8.218347273733587,-92.8713567114317,-2.200889332728758,61.312162937219355,62.182350705269606,2.1735924908537143,-179.2133866123158,-329.20415704068944,24.721144909774402,2.0591043336383095,200.9990140935496,242.7384504989282,-334.38832659661097,90.31399369456176,91.54200100151229,-1.708438052176633,0.0
0.5491664568002702,-1.9598661806553248,0.636526965118502,0.5682811400984943,0.2749228865754827,-0.13407664120487925,0.76387001939373,-0.4754667159315612,-0.02005781518456125,-0.008839215912074276,1.392766016858295,0.06745971153605779,0.27797245991202646,-0.6618393189789957,-0.272848909916516,0.13080675569011846,1.407475826810463,-0.838857327262988,-0.2967756140266087,1.2303586854179207,-2.9694208772705784,-0.0012836094363140992,-3.764779640279289,0.8398134298717704,-1.694392704035328,9.141424519402745,2.740908967863816,-5.20242791080612,-22.748564150136854,-7.858771324439852,-0.624723137514929,-6.9318949510417704,10.764623228067283,-10.445826490504347,12.365319848590762,-5.8264249334842235,0.7641119277178338,11.323495368300865,7.671249718008463,-6.321639163071043,-46.694114612158245,-29.616288025395143,27.714647293847356,85.5415968588623,281.5380098973668,358.54069007500226,-499.4216006121715,-21.5725205698112,9.239930545155886,229.03923621049807,133.64681747328328,-254.98313503779673,-128.89391301869085,128.65451385213422,-21.126496839196204,0.0
0.5746372264191476,-2.0175675408777214,0.6335433864547914,0.5836623423798494,0.24890358816939331,-0.156328726876464,0.7569323635816164,-0.29872964050561274,0.0763200222381468,-0.03723085075751079,0.8412214851443091,-0.04475912917179521,0.26645728157385407,-0.7740627499925297,-0.06703904821169318,-0.10239253918932519,1.6840511270548228,-0.9214732158951228,-0.2894763138106799,1.2698818547642694,-2.856512606347248,-0.30210394976146,-3.5266766580860414,0.7803526556388722,0.5926588809282067,5.296197523434705,5.008116432990763,-0.6129042749839793,-23.739428210353328,6.028224736659615,-1.9451841876380653,-4.680464867794807,9.12311510582093,-12.717867894360294,13.446043090042348,-1.0088223002492136,0.17926484624169076,-3.0988717849695964,-6.147277321497028,-14.774356782091134,51.77271069451428,26.482562751357293,161.35623447472483,-892.2955638545747,-206.6489201131028,-365.5043833885404,1427.8991912179197,2840.7208018649594,-282.4377337883345,85.60023249793544,-212.5998010514287,-84.40771922899687,-159.08557208906473,220.4680161840452,-12.192158634062876,0.0
0.5987293986131812,-2.0776551784361885,0.6278770655370915,0.5781774973932395,0.22459694899940505,-0.1735254583821892,0.7649548400405739,-0.3038604672442556,0.11899786270318467,-0.09169044618692943,0.5582525630340924,0.16661260987110146,0.27392015754508214,-0.8406006017097917,0.09341785719271811,-0.31412311299845364,1.839816851575221,-0.9210720143423531,-0.287902377146974,1.1234743584168312,-3.0689880444507684,-0.28464938255052546,-1.6114157088485301,0.8718741638257319,2.2549103565020645,-1.9210413892367209,0.46698279957055633,-3.074379812389433,-11.279745599692083,11.957924593041115,1.490426119858232,-2.2855496652418346,7.3256052769456765,-8.255937153515495,4.439272246104203,0.3773474789071006,0.03507810487469551,-10.262796316044883,-4.0689080838620555,-2.671700281702002,90.47633200918207,-15.821401008000551,49.715163612906686,-74.08240641264048,-117.74909405904064,88.74962083855348,120.09319012663454,-103.78772054306634,-166.2127800484311,110.20369078883361,-75.23950707564228,285.13047333576554,-273.8504057139469,13.323773345401953,-2.7397730628104546,0.0
0.6193742325296088,-2.1402377955706275,0.6214280561043762,0.5581380043069556,0.20869275979202434,-0.18118581632291955,0.782368838925755,-0.364954707476455,0.12967721395653992,-0.06289185393736688,0.3474659360104416,0.3572834997992337,0.2904501953300446,-0.860154811008622,0.21364168207087353,-0.415594116548246,1.869145513753376,-0.9113104042997558,-0.2868145160125752,0.9433662340834551,-3.173114671860541,-0.3769683261002076,-0.0595395057204505,0.7349498693238363,3.7301926344957166,-4.07263205008221,0.02589734148407344,5.2075770899833955,-9.247420016506112,4.725754524657587,0.4793456159384727,0.13165099665517,4.63796427171131,-2.5182318568263344,0.010990603088211398,0.46341800504036945,0.053853335564690734,-10.988344263908436,-4.175594506936666,-7.684184221067677,74.97352175884207,-11.752151592778803,92.5428228770063,-108.92658221005843,-108.19135331841704,439.2683968154942,241.6401406693513,-773.6948123320371,-29.042942476029623,133.26022156820457,-172.4613755438906,270.8839829250284,-92.8144884145877,-8.21709463411961,-0.921294687300078,0.0
0.636080602705807,-2.204480866609271,0.6128814614572752,0.5219915569100324,0.19979645843267146,-0.18304362583425268,0.8087652445264029,-0.44438769080955004,0.12258664619198281,0.1718065423026987,0.17079680599855834,0.30574382973203856,0.2962346383788434,-0.8190802370580252,0.2675115959109659,-0.40577840024572864,1.845214041919917,-0.9022947660088764,-0.28703291872468895,0.7391314723605249,-3.2492438473476724,-0.4876725038076732,1.085327862843957,0.29566540050646317,5.193551110816602,-4.262933791694519,-2.6157982246602476,10.943654915148619,-7.167822139858709,-6.892934154784087,0.17688165194099373,3.588791908509532,0.9677755980551275,2.6408000801104445,-1.700901038059158,0.3905466099261481,-0.03455139629410694,-10.101049626402123,-3.80424110519627,-7.8468354339616635,48.44358648684447,-20.73671946810497,70.74552464839144,-57.541221944273865,-311.3635189876275,-413.29569015847096,206.24937336334054,-127.46631923355302,-8.675160126916209,167.21123492070643,-183.82955774418477,208.51801815307041,-32.557070658402544,-8.683721457747922,-1.0276389947398272,0.0
0.6499577433003059,-2.2698480786863864,0.601697934615833,0.4737046431353586,0.19460254877765779,-0.18348250677630262,0.8390875572836998,-0.5368512775776514,0.053512760459407754,0.4076737079689726,0.06219298100098891,0.16358844130252684,0.2950389667910208,-0.7097601409015987,0.2634989915086997,-0.32203270501701914,1.7636570753070167,-0.8952532269719197,-0.28851164598312284,0.6502716402792682,-3.2751413050719944,-0.6394638614468292,1.3117339377173698,-0.024073899833657715,5.8122671830611505,-5.239268336482117,-4.744149695716507,8.783872546648356,-3.7816136765153527,-6.253373495672909,-0.13355746368917723,6.736453109210286,-1.1192033967422725,5.131853124057083,-5.246197120836354,0.29483528688263594,-0.07971248930840508,-5.083680358080136,0.2415258211159254,-10.46366106456831,10.334067452228217,-16.48671825266304,7.563114509798709,-79.92075988403666,-130.99581739301414,-450.75931785588347,176.7891639944765,130.29024569601904,-1.5787871895512613,118.85844212334334,-89.69617615874374,79.21648087837113,-70.3200596831211,-7.173665461347225,0.7041040183715579,0.0
0.662114355459201,-2.3358215758493284,0.585641105604238,0.4283792529522283,0.19048365111048216,-0.18143063246016955,0.8644594379754401,-0.6540255503242153,-0.04644421611352867,0.46279180887107835,-0.021945622119297455,0.027612787744099608,0.2887204245927205,-0.5761612327055243,0.19731564435552348,-0.23471144272426586,1.6820980189700059,-0.8884033152947355,-0.29182958964723976,0.5898672055279089,-3.341632861805302,-0.9536291571509112,1.3139940502722074,0.3161305786726535,3.7697335041428404,-6.286269599577252,-3.9668750407675515,-1.9878030616772517,-4.219470832024014,-6.26125324360675,-0.34763825860357883,5.696239565451615,-5.664900463070304,3.188223407302326,-2.4718781698178227,0.32905980419927355,-0.17573966851237444,-0.12909600590189121,0.8066007547253163,-13.208900895615464,-2.951487587077125,6.07554586754076,-101.25287940720558,-6.341905148371967,392.491105411837,1263.2719786367823,204.9573275231532,71.51983111730421,5.971233412880524,36.21264074449371,37.51377278627903,131.03915302446563,-8.460354108048898,-13.24425325911552,2.8006043898781274,0.0
0.674640821464234,-2.4015768415261505,0.5634708290023799,0.4020139340923911,0.18540368823504566,-0.17672234356062136,0.879078769207198,-0.7927931882052413,-0.07289849268912196,0.5532228704564633,-0.0866981172840342,-0.09591956644069345,0.2821676868143156,-0.4633059888683434,0.11888198638122673,-0.15182605070686697,1.6190850000930432,-0.8847704805972604,-0.29319291926881197,0.6440080545514738,-3.2383719674932774,-1.2595399900177338,0.7169169874978285,0.516647276941378,2.1341440696545826,-7.788016910882147,0.06166066694252462,5.385541548304877,-2.475109770104362,-5.375776092322161,-0.27396260783410825,3.3543765937315237,-3.360412288881768,3.995255469404791,-0.7150993553254601,0.06367530976697344,0.454035256035473,-1.8359470740435724,4.86830750672781,-23.297517779721897,-0.9732737810628875,1.113386241390519,-122.95700152247997,-99.46275276445033,115.8900180217798,-113.33990836009747,63.538966678466686,107.55999227648499,7.5511300678883275,-1301.6048743430426,-320.03749573616017,-394.06853981783513,1470.309456735354,-30.332013037981824,274.9037249784256,1.0
0.6863819108502514,-2.466289199892559,0.5371371352412074,0.3965032120630995,0.18672352660565608,-0.1701094603179409,0.882599738809122,-0.9477649752206961,-0.03476550099138091,0.6100724359249429,-0.11135535064196556,-0.1548624652412331,0.2766715922676935,-0.5342233018088755,0.0051107441648737695,-0.10298193189680746,1.6926308817564313,-0.8785490157118251,-0.2889216229883612,0.5309302866584609,-3.203445141038259,-1.313969564025465,0.77735533552845,-0.47497706545720025,-0.5753308248730253,-7.233296261218665,3.4410041802949953,1.0027234178301976,-0.14641072053992954,-2.056287484020181,-0.24063689304169308,-5.9916651681026725,-6.434730754615383,2.2580704725403664,4.492274907338494,1.1322067375299445,-0.014169949429387957,-7.6120743116872855,5.625260207022196,3.4589769273062276,-4.369331861165375,-85.04808209688254,-94.64225756866315,110.08193226330077,154.9344096493625,-155.42236069336073,62.22999326268319,65.00355515774118,5.256622025985715,-80.62935681337669,-16.053857946459313,39.17548149344181,-28.50541702199933,162.87502868450656,-20.568071764140647,1.0
0.6965817045455094,-2.5282250846737435,0.5147630517043168,0.3929493868246457,0.20216228954584076,-0.17524657169535415,0.8797782829717631,-1.0596642564604406,0.05124912346156549,0.6701878366175594,-0.05222184826747295,-0.12137474938267746,0.2746199402057906,-0.6265212481111166,-0.09245841516534778,-0.06192485981781235,1.746736516225815,-0.8654625700260185,-0.28918096075676747,0.4851982086592476,-3.0278635140330787,-0.9409638743556678,-0.27192034986711794,-2.6896329764780553,0.5186258297673243,-3.900421083293415,4.2941437417651755,3.02387932103871,3.749537188866019,2.5838882616733616,-0.037654478538999336,-2.9338415373018876,-3.6312802114294405,1.9128356778090234,1.0185571774092201,0.5840933418620213,-0.033465962945238945,-2.880923129841211,5.6341423283800065,20.748911606189992,-47.253509448064435,-110.18025784370171,52.470022779513194,203.6701508078739,-47.158326949362596,-84.95288612531726,-22.756343044774557,10.192545601293226,4.161217713133197,216.7742863187312,132.2132258523712,-19.214210494477772,-196.32373748280733,1.561092803018768,-2.5793246346253054,1.0
0.7037029905103581,-2.5914453008200304,0.49613743749812783,0.38396542194919103,0.23061670393306566,-0.1807656989943107,0.8756199247855925,-1.1910744989235043,0.15515514208395545,0.6042249977949741,0.3534550454941646,0.00013045835639375475,0.27637953098160106,-0.6936565628678399,-0.2004684324878747,0.003236589669438449,1.751585987039543,-0.823183591251885,-0.297808094429815,0.17169443230513756,-3.303539059295337,-0.883563899803359,1.8913992196514746,-3.3552360136730774,-0.29676658194788497,-5.672544754557685,4.422715465137482,-3.6218558825676768,23.866381742355497,8.012004607803176,0.11168285307242605,-3.6688853865545883,-7.058489160001474,4.8728344535928185,-0.37478899625430606,2.609282196508595,-0.5217704556331467,-23.403747692609905,-19.690152272302203,7.49478846758576,150.58473078420064,-44.439567244984104,-61.741050681227236,298.09557986582035,-193.1684479539763,190.3427672652487,-254.6479691705872,82.04067611022357,-0.5281328708583225,-62.83187580300251,-203.1363513349132,204.5247396143271,-76.52046916770747,23.252851770921687,2.444121414297824,1.0
0.7057529265753631,-2.6600508518737302,0.4804568739685378,0.38306161091616847,0.2726790754136274,-0.17343919165820673,0.8653489301263546,-1.278836825492592,0.20510969645712993,0.4483316928248763,0.8205409664879747,0.1515834267466111,0.28326064716409327,-0.7691576918928822,-0.32061761989799653,0.11284957032032886,1.6184620290330431,-0.7633248844786265,-0.299550876562962,0.06747030275416527,-3.590063299675436,-0.6938628165909778,2.426193268886005,-3.731098268002883,-1.9062289256234757,-1.8155767872633195,0.9624708024132876,-7.244092203500683,19.58292965147031,6.9196589656641265,0.3906158418134863,-4.027909401774662,-5.521383302325053,5.668982159409753,-11.963561625140992,2.9605554905090177,0.07740077876817375,-1.1178835411434618,-27.390353230959864,9.169897825587986,56.33337391059703,24.600336684892582,-92.79217284272379,343.0447428278409,-146.99349009106564,191.05689790295,-574.1636860751511,-109.23046066329542,-2.049440460845656,77.44199995680044,-34.50721547217985,-144.18687869721015,-1540.5855665438328,-2027.7377175201864,-19.479361536569044,1.0
0.7073421960202517,-2.735336859425704,0.46685628390197065,0.40064094811960405,0.3179398542034404,-0.15344674581477863,0.845491085699769,-1.2764408045440556,0.22257064428383191,0.30011498991958896,1.1914006802866033,0.22783810083295347,0.29020577061971753,-0.8308299528765906,-0.43342477252028655,0.12764833272083798,1.0971731494472146,-0.8245068626499056,-0.2964363326991022,0.08662106726037064,-3.8505551646027936,-0.7363001421472505,3.014755581846942,-3.062517355465579,-4.951942839915274,2.184796343422018,0.8391956657167579,-6.5864241071921255,16.180629947333678,3.029956539177538,0.29443792752111464,-2.822745527349919,-5.6841130651394645,-3.913544761844927,-32.99253395180567,-3.5060363806436814,0.1904062398436636,0.5174575420652694,-1.9956167836350676,-12.061406815593637,58.32256085934399,37.44725462876264,-139.93032664176945,243.5603538234292,4.7479133118966335,129.78265274501243,-314.0280834261638,-38.121152392856196,-6.558855668762549,-42.04570369758814,45.15480993329174,-541.6196811221068,-288.7314245192423,104.65015156044086,2.482509658183622,1.0
0.7104171934413466,-2.8105174994324273,0.44973893461627645,0.43684211181992283,0.36410167760342393,-0.11799572237529393,0.8140491061405416,-1.1777761074134414,0.23770768578357554,0.18125740828201437,1.4426600489309764,0.3048729339160797,0.29539135720200105,-0.8885896860868384,-0.4922148160486328,-0.07973026367435078,0.46507867256578517,-0.9011649233346601,-0.2876217948286679,0.20631783076542448,-3.641518025879608,-0.988110473792107,3.45900991844715,-2.825519917798864,-7.142282382429394,7.124063390827071,0.7196156840194627,-5.191593206245973,9.717847810922224,3.6484843680163017,0.21617739777791947,-4.781843741474093,1.3300192787458844,-11.402574542649385,-24.69020927153244,-1.5583489712874146,0.48577200940395676,4.866207029800441,13.415163632534627,-15.44448936541163,37.18426459371051,13.71630643583326,-98.19681831146723,240.45368290081137,-26.73380555435436,99.27299844968434,-317.6633387764954,-52.637406081456945,-5.262163407983182,-346.4817507589154,604.0010504132073,372.0224290698227,1108.4381473246658,231.66343738144195,-5.138731253537181,1.0
0.715931511403282,-2.8810332435499855,0.42788932298829296,0.4805807084790055,0.4095429800623779,-0.07367214188919725,0.7719385633772298,-0.9929812883985365,0.2114082899010417,0.07713491725775988,1.5601436425699442,0.4113038242812821,0.2982784437802878,-1.0124956092808144,-0.35998861724505965,-0.26078389519843237,0.13743783378740226,-0.9113018166971601,-0.1737191018215295,0.2994971301339646,-3.4360920468988634,-1.1565456634216127,3.6696950361534197,-2.8141887545928457,-7.7985661536166155,10.846697415280795,-3.1365818704573054,-4.739091536360554,3.343284427596337,4.91175553060829,0.10327607079700998,-7.153320093210471,10.04617128217781,-6.411504516781097,-9.902487182970091,-0.10100093694801032,5.57738442203607,0.20892967440797516,9.890401735460063,-4.849835778901072,26.456945625511004,-9.090186022252757,-16.654708853467767,160.72320337121033,-215.31441876225912,85.49610452355905,-236.4051399343558,-101.48977997202955,-3.375556091017909,-57.22250438846064,286.75738059102264,246.39688651153918,627.5150484863946,20.608005630366485,-123.89184672788716,1.0
0.7227641138100054,-2.9474187142149364,0.40344103289700506,0.5198067160374908,0.4533149590666178,-0.029168709779982187,0.7235023926833419,-0.7616237543979271,0.09283768734759254,-0.029798063971389104,1.5292044907469813,0.48553106976086546,0.3044163808146689,-1.1962230602062398,-0.12202552376713428,-0.31111160719344877,0.2500675244082476,-0.9093363185513964,0.021754388431494933,0.3918707298476257,-3.2062481547842645,-1.2419193205440031,3.434219107499122,-3.16502164470831,-7.228271971950456,11.857937755107107,-7.564308505053407,-5.628888660598586,-4.222484335064858,2.53348672541463,0.3487333387169305,-8.40034745550788,13.118493899933574,-2.0993692352616575,10.595592312181402,0.19096519253850025,9.026850132915161,6.531860912674286,13.58919725618981,-1.3070153422217037,-21.699136443805244,-29.08244887612834,32.89693375762772,-1.014933698467246,-122.8621111816511,-6.284954871076005,-192.8765013559614,-123.85578140120013,-1.830649982392016,204.99027762200302,125.70843423661833,-60.66958925895753,82.61278995569347,5.533888779714155,-178.10561551621853,1.0
0.7332908072731983,-3.007159941258397,0.37760974977495443,0.5394185320394945,0.49711203806842064,-0.004276067387979158,0.6796241491791704,-0.5247931196229851,-0.0198564696856178,-0.11218325156108037,1.3181414363832185,0.5002875389197055,0.30817048189172563,-1.4088359626411724,0.14462115981429333,-0.2073297444457078,0.7835608420181217,-0.9056112091472538,0.04064656265759804,0.6773409884595772,-2.842487741137182,-1.3346847305374545,2.585529267976523,-4.238734485098607,-2.7630674908920807,11.369402769244235,-3.4965897272270343,-3.182143934631178,-13.95177488342445,-0.6360946495732809,0.11267320187155042,-9.093289342142837,12.278402394315563,2.5761352012424954,28.252447637436617,0.2179653692877161,-0.3946295212971522,17.97808266620421,9.693127911310139,-7.806526250018903,-71.8817702173375,-28.278737982212093,251.91796416110174,-113.47768546538313,292.8947762548744,117.44051821216641,-218.11979414545203,-133.15037177684155,-5.254312696454939,318.60256958645385,-202.49892952140866,-530.0329092962997,-476.56385279289464,0.016980674336783075,-17.167520488685483,1.0
0.7516499449552375,-3.0643660166862325,0.34894159099026045,0.5191241467697273,0.5360634540825608,-0.02582909266165185,0.6651909135052525,-0.3137682005552817,0.0029551947554526357,-0.13339727216145153,0.9062507818576275,0.5186205503321157,0.30666147330181986,-1.511090888347797,0.2614046714079719,-0.2522398371114911,1.2813657497662092,-0.9146944366559081,-0.05922342688715248,1.0723717432610098,-2.91114817967641,-1.6031501454232921,0.7589297627900893,-4.365580399101503,5.24488297207875,8.353062289355043,5.316798071749418,1.5012216989852303,-22.10392836842702,-0.038773229505015716,-0.14307126419438082,-1.9556168210174398,1.1293051948379331,-3.73073693150517,20.554060945214182,-0.6505666969446862,-5.056913355954759,12.726776787850024,-5.066677752043195,-27.29063287295724,-121.00189194462517,59.89508980292347,369.07268994408696,-402.1656534514743,474.4205985014803,364.9912120063713,176.84985852362155,-151.7757730464455,-3.284397112803453,234.06764808100195,-338.37459391906754,138.4278440043691,-475.8883914337202,-1.83040811160764,97.98200910327095,1.0
0.7730591584178886,-3.1212106247793896,0.3122024828793848,0.45293785646549833,0.5569568249683627,-0.10077781227091193,0.6888325092905305,-0.26549894488517994,0.18240887413548657,-0.010328288474633785,0.6192636535161831,0.5347171373695544,0.3137402280641165,-1.52694473990977,0.20062587752170596,-0.295777051097536,1.7943651423281555,-0.9184107497515829,-0.2469446312839685,1.0825042849363193,-2.8338262854292577,-2.053389546714435,-1.1515484067461326,-3.6307756243422857,12.855004026032942,-3.5734224660164786,10.08693158363779,6.534984628518425,-7.055414481805723,0.2543858964263551,0.47045721915314165,0.9626039223742744,-5.814263160162144,-0.8020932610689089,25.962458790167997,0.025823522186624256,-8.74921608097567,2.651132366326376,-1.7120988658254344,-25.458482602261224,-110.08245450513529,86.93366995344005,316.8094137880085,-737.8329647322694,-41.884622427732836,-299.0679713661889,765.5492300348482,-36.620023692307754,-1.3911920306228993,228.49611316540233,-252.1943701595805,160.03483737596093,-185.18372283859253,13.14788647448787,175.29596485442275,1.0
0.7950683676835358,-3.1804998646300997,0.2671410405060583,0.3547953857687367,0.5470571145882529,-0.20292100126979995,0.7305284490416852,-0.4515380966056437,0.3094339217549184,0.06338285494520789,0.5246037727982568,0.4530958133478644,0.3199599218466207,-1.4498333203079012,0.07330907694718775,-0.25358529488369735,2.185563787377837,-0.9151198522461905,-0.31064347968828665,1.124569619980936,-3.0539186521733797,-2.388701223992572,-2.000018103736692,-1.9711577566821405,15.756381368343234,-13.382571784086759,2.6506119088525995,1.3555427448864967,-3.5244849487511374,-4.762897862447563,0.21622919290498566,6.610364073692158,-7.214641383738516,4.070333624767747,14.609572483533425,0.184136612669864,-0.4659851389563372,3.1892864097716083,-6.9260478054960375,-11.730343806833321,-63.449974946056386,54.08089775751229,118.64841707314392,-377.09160749684014,-428.7052570146349,-174.26331876211728,91.28303359239851,62.76030752473577,-8.064397631700079,321.762987996005,-76.52537733834184,202.35995100953056,-531.3866649354508,-1.9184881095819695,153.2083706795972,1.0
0.8208500417349823,-3.242025988578206,0.22005087627584405,0.25558609438097707,0.512583670574484,-0.31141409355366056,0.7582578660031287,-0.7018783653891238,0.32383157365340476,0.21061551305408777,0.34138264647093697,0.2677774837465263,0.32068199375334755,-1.2403580022000258,0.012602698522894189,-0.20965975589859642,2.285519603650118,-0.9105786425711377,-0.3019620816003262,1.3471981069424181,-3.0646340603426254,-2.284991445146548,-4.123103571273921,-1.7783633084148032,14.835197451922573,-12.40110763950569,-2.710315459079096,8.40349842113951,-10.244870761210715,-13.134723638190193,-0.04846743181351676,13.073568093805674,0.13213302184827835,0.4547516661125386,-1.2904833015815997,0.19955555142314388,0.7014682191170308,-0.035369415257754167,3.7115071178890457,12.118182362602457,-104.0870731431569,-14.66806093736517,22.210138313381176,-2.2426871607811956,-491.454724395059,-162.37659110298142,53.51911973499835,-192.33946246580692,-4.746584483070375,232.9618885569901,357.82955927160134,-199.31663277750906,-576.5700956921207,-5.461899685267007,4.689496232670564,1.0
0.8465989006850421,-3.304261045099745,0.17955686180346953,0.15773619488023183,0.46717536978368257,-0.42795400665043043,0.7574442784020673,-0.8804304156832686,0.16802940101779548,0.36362692097448407,0.04612441604128077,0.09215524138961233,0.3180062285106055,-0.9312484939726025,0.10363278836128095,-0.24287909292276222,2.0925541447248266,-0.9033501986664022,-0.28958148369633313,1.136182528943384,-3.1187082905161363,-1.8163427133021255,-5.714511449556718,-3.3104247517555305,15.126160579661251,-7.442845052365514,-11.809312633867279,4.813125650431408,-13.925874835659467,-7.484787285498207,-0.14404148470975256,16.279949150342055,8.191602668083823,-2.8202862844365355,-14.501747798265894,0.3640704274703693,0.515233019615107,-24.479106429270512,0.7109032423106578,21.887741308395594,-56.50039132414459,-78.04020868693782,42.1971754895322,98.5760372472364,-388.589259829187,-375.9755877360157,345.8225265616999,90.41037121280438,2.6905795600871167,-7.418490517358137,403.96003729072754,-68.59144309809122,-375.718248477205,-5.7007405127315,-12.71653215539218,1.0
0.8625185102081193,-3.368334765542543,0.147139308935886,0.04738783068171139,0.41829868224849326,-0.5442458227533584,0.7256563169627727,-0.9896420428716632,-0.11013309086913134,0.5199625628127656,-0.1316785353270939,-0.023728270923610375,0.30888098925948215,-0.6686341875154052,0.3152182976518534,-0.2689434950006272,1.759680217148704,-0.8949412120835682,-0.2785447884889266,0.4966057222876693,-3.2706552407446985,-1.5234973962812044,-5.876417272976949,-5.108625907169405,15.504582058299647,-4.601049814790484,-15.30743042959353,6.996609477465017,-3.323209475087472,-5.011495077571291,-0.4971151049172736,8.270869525588903,11.45343477011017,0.7590475539887664,-13.682906108980523,0.4205973317938344,0.3976962990659329,-25.982399182017566,-11.072938211528909,5.9776354281842154,-20.220540269103793,-56.02102365477759,-44.80348098464532,86.03568979204746,-43.64194350361106,-177.11909139042962,543.4788674022032,140.51035636957,6.211083600793583,-383.0653512014976,106.2392529148809,213.83013569125072,256.36829358308034,-10.679322132016623,-57.505373427191664,1.0
0.8633684234793119,-3.4103715293429238,0.1429077045582372,-0.03135292126968159,0.371352996167301,-0.6139401222782284,0.6958386830454458,-1.1666465919786535,-0.31403641716167713,0.6962423613992575,-0.13170753569991495,-0.11929104636524611,0.2962231208475044,-0.6417951992750798,0.6276752759107839,-0.18763631875967485,1.5673839678621961,-0.8885803302465627,-0.28169210472025524,-0.37630379658538965,-1.1735490496952914,0.806470265631757,-0.9524926952811865,-0.39351805817927027,8.190932419295924,-13.415141863787117,-7.003207108747985,6.52944366562057,1.6934888712214222,-3.429944202760965,-0.5991252855590449,-1.871191331307128,10.047928244643025,2.403994507123108,-5.004130668868954,0.3086594922744116,-0.5082599555514178,-39.3833831554753,42.97734544334903,59.724390469328355,231.70367282789684,115.08929182909638,-91.25716288736761,-219.36534542925247,107.6023780289857,158.13249785647454,-84.84044943528491,199.72781049652434,9.108185725962416,80.59454315987473,-1506.0145247123928,-620.5579665895435,445.794637491701,2.6553677393330366,-21.826705335103075,1.0
0.8545055285157099,-3.431502642935383,0.16524047586264445,-0.07717556194333511,0.34542087158447593,-0.6301389222716239,0.6911246578953094,-1.3893080093738486,-0.3446092372152606,0.8888766599163449,-0.11481529301342788,-0.20980851755148736,0.2855347187031576,-0.5973001420284155,0.6572682971095888,-0.1798205248666899,1.4931441715063511,-0.8842633899013762,-0.2951672296670494,-0.4040978560041431,-1.1022265058622585,1.230411650035606,0.7894524727032517,-2.3877901040599907,2.8867963752200536,-8.253559295827397,2.96317228632455,7.274817039090394,0.41958001425869,-4.330656435833102,-0.4313780907078347,6.347269671633877,-2.0080388304972088,0.6832171853779365,-4.1856187979895285,0.10763610217713014,-0.5823821330207242,6.277147858530503,-10.133371672231831,1.1726664411265608,22.91634133640006,-133.54669615886638,-244.99301134438926,235.4481711303082,363.13138490627654,-856.8182493143029,-25.871262350021265,88.7175632871517,15.061788853511754,401.12963762693767,-180.69162692806086,158.60769601117426,-121.79653425114162,-14.226508914235824,16.65692674879291,1.0
