floating_base_joint_x,floating_base_joint_y,floating_base_joint_z,floating_base_joint_qw,floating_base_joint_qx,floating_base_joint_qy,floating_base_joint_qz,left_hip_pitch_joint_q,left_hip_roll_joint_q,left_hip_yaw_joint_q,left_knee_joint_q,left_ankle_pitch_joint_q,left_ankle_roll_joint_q,right_hip_pitch_joint_q,right_hip_roll_joint_q,right_hip_yaw_joint_q,right_knee_joint_q,right_ankle_pitch_joint_q,right_ankle_roll_joint_q,floating_base_joint_vx,floating_base_joint_vy,floating_base_joint_vz,floating_base_joint_wx,floating_base_joint_wy,floating_base_joint_wz,left_hip_pitch_joint_dq,left_hip_roll_joint_dq,left_hip_yaw_joint_dq,left_knee_joint_dq,left_ankle_pitch_joint_dq,left_ankle_roll_joint_dq,right_hip_pitch_joint_dq,right_hip_roll_joint_dq,right_hip_yaw_joint_dq,right_knee_joint_dq,right_ankle_pitch_joint_dq,right_ankle_roll_joint_dq,floating_base_joint_acc_x,floating_base_joint_acc_y,floating_base_joint_acc_z,floating_base_joint_alpha_x,floating_base_joint_alpha_y,floating_base_joint_alpha_z,left_hip_pitch_joint_ddq,left_hip_roll_joint_ddq,left_hip_yaw_joint_ddq,left_knee_joint_ddq,left_ankle_pitch_joint_ddq,left_ankle_roll_joint_ddq,right_hip_pitch_joint_ddq,right_hip_roll_joint_ddq,right_hip_yaw_joint_ddq,right_knee_joint_ddq,right_ankle_pitch_joint_ddq,right_ankle_roll_joint_ddq,fallover
-0.0027421307328519655,8.737507702648877e-10,0.7906008645183167,0.9999831152630317,1.597928729102787e-08,0.0058111262972002755,-4.862312507598205e-09,-0.05757097643335702,-0.0006896505052695505,-0.0029780136412001384,0.12569670047223272,-0.07618242263391398,2.7516392895085615e-05,-0.057570981578436965,0.0006892804977533147,0.0029781814403752106,0.12569668590940763,-0.07618243825327659,-2.7555718382952283e-05,-0.16201217655187258,-1.3815040528913289e-07,-0.20886621142642928,-6.422664153380801e-07,0.6749498579004031,-1.6199792552671605e-06,-3.3278256815342258,-0.000836878563749633,0.014219305791013027,6.7477049258397415,-4.853138256753754,0.007068559153738307,-3.327826241084361,0.000842126993623165,-0.014222935012854362,6.747702736553316,-4.853140604694491,-0.007083299973987094,1.2119119216013121,-9.626814352933029e-06,-8.495753051281897,-0.000638222426356262,-7.456164679069914,-0.0001893507676475863,41.22852759103926,4.45100488663683,17.560690904562144,-197.71694488381587,-60.2461452427941,1.4446619671613052,41.228509608719094,-4.449010304663,-17.568464364197563,-197.71723314588044,-60.24609536149466,-1.447843887750788,0.0
-0.006466638513396756,-0.0006103633746269427,0.7881788726591478,0.9998935570197842,0.0005736236800830549,0.013495425076547992,-0.005515350233712654,-0.09159565777572876,0.0011828584285251882,-0.0018144417096656335,0.16452684865569356,-0.10444497546533471,-0.0019064029207039607,-0.17657398668080065,0.008197093236172933,0.026282048155821122,0.3951073152321719,-0.21865172501319197,-0.015295588228331103,-0.1557099999632465,-0.058358794772083604,-0.04342608460285964,0.14028635587090948,0.6230949693172166,-0.48228652247320214,-0.7118282627280093,0.05288402115403461,0.2346277438636404,-0.20482547902841958,0.2895706921373068,-0.1928651629282797,-5.851533290792477,0.3387220494773369,1.0082572253733662,13.899607940179727,-5.411127091835809,-1.0979249217847524,6.002584040316943,-4.252319359534544,7.503987555077357,-2.342207153567204,-27.96606047579771,32.863410799723134,96.7517429596367,1.2233287234279184,-20.59867757407428,-152.7820287349291,101.23653156866436,-4.379393899304333,132.86075260785407,-9.375110923282246,-72.500098764713,-258.9488277950216,197.16530222679614,9.913258712520259,0.0
-0.00895423495415731,-0.002158893653401529,0.7879253925588534,0.9998101211436945,0.0022862927367897886,0.017738035401225618,-0.007736706292586189,-0.10104783826770773,0.0010398285127206162,0.0009833820182958103,0.15753868210963415,-0.09339455678523283,-0.004603991860278526,-0.2682997067585041,0.006984470376328128,0.04314996100795923,0.6146224607085161,-0.327201375309395,-0.01107168576310156,-0.09236433000981809,-0.09957358768169687,0.0109563240533203,0.11300453728905516,0.22951465320676312,0.02537738369453018,-0.2119846863246559,0.028561433283174575,-0.07078690787265496,-0.4554360414640902,0.6450479836016912,-0.13769348594536587,-3.3085951235974127,-0.3794177048647063,0.501243304052485,7.927679155701356,-4.750582152400851,0.3894561164578345,3.487761701100114,-2.870783704790769,2.4159663789238497,-11.901613428012544,-21.89416050704123,27.181300937993363,28.306721260056932,10.11386998627858,-29.375802435517976,-7.341640207360864,2.6048437093702574,-3.6320778272549687,142.57017080974924,-30.808441604172533,-37.74841200012717,-342.4661041770729,85.420382667034,-5.000254296403682,0.0
-0.010127860736520309,-0.004816377399868023,0.7883258700776995,0.9998302224877841,0.0017147723825927177,0.017654118420802896,-0.0049917790905782316,-0.10450071075453582,0.005223159600208785,-0.005533017408451139,0.15885237411333952,-0.08801204068064314,-0.00858602926414334,-0.3040757590324671,-0.006285201781358898,0.035260780701078014,0.6969999174457839,-0.39283408452620905,-0.0033058132841670973,-0.03636859586502534,-0.15940420973424788,0.02587501721266033,-0.1887750950958973,-0.18025254072272764,0.39207209683883476,-0.08839053567888,0.36045577650840155,-0.4670219459430472,0.3396648325187815,0.045570972709065995,-0.24869499950929758,-0.8334664874897,-0.6998612085420219,-0.645477161174938,1.847051150056427,-2.65539932604882,0.34356921753275577,2.015471117797358,-2.828629225624371,0.49544107721849434,-12.21698514749242,-17.003815041784183,7.049915633829028,11.812181543690365,16.27135924002521,-10.189422820268891,20.6832347863593,-19.256943112506093,-5.278033810584059,83.30451714408223,7.907449319481599,0.7055578729610161,-188.47817024200083,48.621512208417805,-5.980552065980231,0.0
-0.01090141387101711,-0.008333179660543057,0.7886277727387498,0.9998754321649622,-0.0004446257295821499,0.015720275168277967,-0.0013399289254278305,-0.10919491212548338,0.013823877152799325,-0.014359407421591867,0.17272207436408243,-0.09240060539560654,-0.013497220865132704,-0.31537849753582364,-0.01994282323238096,0.02593293760945049,0.7133671760112066,-0.41876785389056437,0.0036147199441002014,-0.03877173937807495,-0.18819275874965039,0.007786607706035092,-0.2302228500814493,-0.21440777664689642,0.30419434422551245,-0.25644042354600444,0.4757109152852045,-0.3884085014593534,0.8129336977779523,-0.33459744935402674,-0.2584214812935106,-0.39838004953358247,-0.6405891983685992,-0.23342296248203118,0.23864559689980092,-0.8521263712028262,0.2979643430349355,0.0853448690201761,-1.2860148443581387,-0.6972612320727917,0.3663208176454486,-2.8498755543403163,-8.582498135910903,3.975341191283589,4.1620633007270715,8.132460417526298,2.1079059434394956,-6.255163967213498,-2.180168903092537,13.96885272113302,5.493560774537152,29.246866889091503,-44.967553808029706,23.687728203651062,-6.479265095482965,0.0
-0.011784568348797127,-0.012303678306484753,0.7885129182376739,0.9999006312956958,-0.0023788364611870274,0.013841686426977215,0.0012150672482466355,-0.11602218142218723,0.02306474195696176,-0.02128091251597707,0.1913967283601773,-0.1012510309147818,-0.018417919341908333,-0.32301825947915774,-0.03327881763080253,0.025701873929560692,0.7124994098239987,-0.42483112532773587,0.009641210120485945,-0.0461599915960684,-0.20665991676109824,-0.014144242793433513,-0.16026828609321447,-0.17955267046754642,0.19519946835041374,-0.3353302772319734,0.4479769878218133,-0.28731620461436347,0.9144796730506191,-0.45452934622459623,-0.2586277200654887,-0.3682693185711039,-0.6938866658813867,0.1608541189545792,-0.18629490857781097,-0.1274278622997016,0.2559182552822289,-0.0602368062498618,-0.898816823900711,-0.727500848050427,4.73369130812934,0.06268930288734237,-7.269157698374638,5.513548206824123,-1.7340135611419367,7.970818950357858,-9.405790920256914,3.3570657097270202,-2.7050320322624812,1.5058240795933475,-3.321121651049982,18.06135152338924,-9.690014356102969,6.440833197906521,-5.982302977704672,0.0
-0.012698613268090962,-0.016673009313160278,0.7880313614732813,0.9999163700831598,-0.003483596322434838,0.012088994432288875,0.002995598437084231,-0.12267549761699452,0.03131330218004068,-0.026820824479090125,0.20956632999446975,-0.11073027131717578,-0.02408795521705612,-0.32980794022450305,-0.04796233964959035,0.031050532253821057,0.708220729235964,-0.42565399007441324,0.012373854749764426,-0.043565285215226436,-0.22841459883441614,-0.029544014315377606,-0.0707139234475627,-0.1814772539444836,0.15120589425033176,-0.28307530867235337,0.38640677924170397,-0.24812437096191248,0.8320440086606734,-0.4382302118389059,-0.31179653707078453,-0.30566650348796554,-0.7644588410705905,0.3461118431781883,-0.21473574694391906,-0.010382466410643758,0.09342354219704933,0.3541773452965443,-1.1485151766048867,-0.41839412542042426,4.858718653907299,-1.2832833082836341,-3.3325425969334788,8.443665088136495,-2.5817996914111747,4.318948322525398,-12.66730586166938,6.813252768504985,-3.3574852830326924,4.460556017924991,-3.0520403529668716,7.393542590016708,1.489054109163136,1.4719399890734621,-3.007842513823067,0.0
-0.013512432957218767,-0.02155974594616122,0.7873047751669137,0.9999290897777415,-0.0038264575787175553,0.010336126613087058,0.004509781069512039,-0.12831549240990706,0.03865254862489018,-0.031955677677700994,0.22606053081055,-0.11966724820368653,-0.03066398320707568,-0.3350370004768572,-0.06276013439649307,0.03926488197469612,0.7038107081303929,-0.42525867738664147,0.014233459278022486,-0.036915187801169286,-0.25773113215947935,-0.039668420768468396,-0.0068202960536561845,-0.17827291170010034,0.1417015316464599,-0.24078101660586496,0.3556345560579079,-0.24687288976593932,0.7559781942752006,-0.41022527743147497,-0.34991532230928357,-0.21818766345704305,-0.7234695137518982,0.4344410525709779,-0.2052155698620744,0.020439110965121087,0.0757150552825529,0.51295186916444,-1.5356178998189594,-0.21674109418479143,3.3040254781835148,-0.7697176203425851,-1.5126259061580085,7.116316247801074,-0.802170436499501,2.0456101280849395,-11.393445563944276,6.397834136890016,-2.543732133576376,5.272585081709195,1.8692712863442211,0.3485131372379613,3.077829569149044,-0.6797402533161838,-2.198744148475939,0.0
-0.014200229786319832,-0.027101500031340087,0.7863856644975443,0.9999373755820836,-0.0036921485916487987,0.008785762313927309,0.00586714013444798,-0.13390807918297784,0.04590537374603353,-0.036947753836834525,0.24193111293790626,-0.12854674278454867,-0.037663791959728,-0.3391871545456409,-0.07556961044159516,0.04826029942590171,0.7003733394063546,-0.4243630014131929,0.017613792727684627,-0.03055145846764494,-0.29302814738316596,-0.04884335867303065,0.02967733012681243,-0.14587337414683652,0.12218400269603803,-0.26207505933849606,0.37029201866321293,-0.2381481799031218,0.7470491235768166,-0.42073258361581634,-0.3646071722390781,-0.18424919638526482,-0.5841954838082278,0.42437528800943336,-0.14371378254056322,0.0426063025244126,0.1573861941994039,0.5446892363684898,-1.7903329893558881,-0.16474780531940666,2.228415958111486,0.4828775019186833,-2.013231886168586,5.143994075439702,1.0331796487303,2.140144166323917,-9.958267385395315,5.452165876588492,-2.2797110355539707,3.5421261900626133,5.716743075764707,-5.250282022371381,3.2548365503366234,-0.9636096336799035,-3.4836030806392815,0.0
-0.014762365894197464,-0.03337463845137582,0.7852650689576426,0.9999408645639858,-0.0032522132979830505,0.007682548235844928,0.0069763125144142,-0.1406039025845294,0.05366909100642771,-0.04156798831374205,0.25851842704371575,-0.1381919140567161,-0.04437241553915056,-0.34279363111502625,-0.0852383924596418,0.055962673475991064,0.6975115061252715,-0.4235866003201123,0.02267113160224467,-0.024055708106571053,-0.33038068252925396,-0.05966746912352733,0.05847866328913248,-0.09269115087528833,0.0918027532952468,-0.3331083102274677,0.4023716167066433,-0.2138022645897008,0.7990449856894194,-0.4682683742792472,-0.3492943208439424,-0.16363967564490672,-0.41200487336018415,0.3288883839117794,-0.13446865904040162,0.029988655176475063,0.2309055768283666,0.5877469396389703,-1.8521905769839122,-0.24767172648381006,2.194736695370819,1.3264443802828534,-2.7967487410486482,4.169109544987581,1.519985819720448,2.7556498587864593,-9.461471807486188,5.172177832026201,-3.1652167084692375,2.730799884660955,7.3369207241054095,-7.578506297353903,1.686963627065119,-1.0735524988371496,-4.86722479692263,0.0
-0.01517350149440004,-0.04037826971262719,0.7838818284030812,0.9999410377636445,-0.0024848603662906503,0.007113819361135168,0.007819209629158943,-0.14907094135744808,0.06185318137236194,-0.04582853491483594,0.2769064072606894,-0.1492143993769489,-0.05032213303838374,-0.345214320520969,-0.09162530348096717,0.061299830054412655,0.6927984018255361,-0.422864291300559,0.02840248158397761,-0.01575053744705494,-0.36597706650759754,-0.07493248405649945,0.09894665618595685,-0.038918626822797356,0.06464641543052765,-0.42656880309063167,0.41444082364665347,-0.19393313726182196,0.9009583535780141,-0.5408711215129551,-0.32073734428433365,-0.09024272806593919,-0.2522303678751726,0.21214576254233336,-0.2584049164875152,0.02469002687225344,0.2541348404457187,0.664302157799131,-1.724387044678241,-0.491573937845585,3.2828809762163034,1.4062268967526599,-3.1644738678476383,4.22240228029338,0.37850091212613823,3.407114970385066,-9.336918692742202,5.46795058817502,-5.277773468077042,3.1441963630575684,6.780297675368171,-6.260079337598073,1.5321907296555715,-1.523442227587092,-5.371582595729308,0.0
-0.015385447447247161,-0.04803524129866575,0.782096266707818,0.9999385529659477,-0.001199116572508733,0.006999459114936122,0.008512343032897909,-0.15981608182156545,0.06981575351312434,-0.049840961318768764,0.29860425500677173,-0.1622147424788159,-0.05566971499562469,-0.3443907861398214,-0.09518634587405675,0.06489316980091006,0.6812888114804782,-0.4210183927554865,0.033971128248380465,-0.005059965154903438,-0.3958055226158428,-0.09931334531302662,0.16796322528982008,0.0011828090381212973,0.05284059642997088,-0.5477510801334949,0.3800707175659564,-0.17760634098958347,1.0956233891370188,-0.6503895307096768,-0.3032896099903087,0.09953282103928188,-0.13206756071834133,0.15809198257673182,-0.6431630837723458,0.0745072620776682,0.24194063538983748,0.6956850946676767,-1.3766875680667425,-0.9630559080664145,5.643611584084915,1.0603145952712942,-3.3622427756721622,4.014552946700897,-2.563899330505409,4.539137053527952,-7.710323551164065,5.022231670061223,-7.1501763580960676,3.1949516271922183,3.7572369382957684,-2.488205319011637,4.768033764896711,-3.6314652741954303,-5.229542140192457,0.0
-0.015322174650283026,-0.05618306575097709,0.7796945784183118,0.9999302706645196,0.0009798906934738055,0.0070953416689697535,0.009388809807924028,-0.17384259861058032,0.07614986090872296,-0.05380637377227421,0.3269999504753209,-0.17890829700640504,-0.05837235892674557,-0.3359666580138088,-0.0970232729677563,0.06867241733283594,0.652675806948113,-0.41457545682485664,0.03983258825036453,0.00955724014484588,-0.4154526614468204,-0.13736617700804948,0.28416313161575835,0.013321521315981414,0.07852771851740491,-0.7255688601616506,0.25925502574293474,-0.17080568293685555,1.4804166965459464,-0.8582287505483522,-0.1889007073601169,0.5250347218977848,-0.0822289453654664,0.22205224828555134,-1.5717665233882192,0.28434145378106246,0.25755141699287504,0.6886603120389856,-0.7938942953593086,-1.8260468592747412,9.353785195077032,0.6745379510224225,-3.7573628683848357,3.7014657109856977,-7.081721503326648,6.404916889039092,-5.851151175931353,4.524562850743066,-13.703904846622832,1.3345691891569897,-1.4125918849042174,2.594675110857658,15.555201449656472,-10.3023352629419,-5.679772518380259,0.0
-0.014929311803082074,-0.06456609656392245,0.7763841663648335,0.9999046513974312,0.0047146081806562126,0.007191745010080396,0.010804600279179616,-0.1931405100748686,0.07841559566101163,-0.057545381537222454,0.36736404071077916,-0.20193856238028846,-0.0523111767497904,-0.3151951786568092,-0.10004452624314605,0.07251198711484544,0.593833929986969,-0.3995142138590441,0.04946953378307275,0.025737018647381673,-0.4210194244964646,-0.19260643388472612,0.477706569561749,0.007985534017341821,0.12226254447620331,-1.004171803459095,0.005643582278041966,-0.13757317360542481,2.1243622402008997,-1.1823018571708117,0.22309680430525716,1.140239990833083,-0.19630039338444405,0.2440116219924315,-3.089971686491296,0.6611280360139736,0.4475727192314574,0.5205949611405095,-0.12158897235214466,-3.042575207974808,14.05205041966628,0.8075611554870253,-7.093910066652082,4.7786889659335285,-11.332201607895634,11.143484663501749,-7.233719869910143,6.323660147055604,-28.501010270713454,-8.822609001370882,-6.117432583795779,7.32509877046263,42.65759296817924,-22.28186716628318,-9.291379983259816,0.0
-0.014386780919372365,-0.07278107183214796,0.7718077791588532,0.9998420907444701,0.010356840451238065,0.007612950231871224,0.01227079542489478,-0.22079041524843349,0.07491627764895784,-0.060444748812994366,0.4247243970755983,-0.2331822431513754,-0.03337363945678135,-0.28550953419826175,-0.10843650403550982,0.07018996614874232,0.4984950736401067,-0.3565890969769138,0.07590158236525765,0.011762685490342597,-0.4038695645070638,-0.22818595071126466,0.5550892100598671,0.12035721027251255,-0.03418368761030528,-1.436581727408106,-0.12371444817469017,-0.0063460172735199105,2.8032670364546273,-1.472018853401978,1.1064646211586582,0.38625588896710866,-0.16985405346403676,0.16105799734837556,-2.713274595122435,5.245274709274641,1.5002766027965253,-1.859895115555994,0.6510340450090354,3.6839138924289956,-10.52653787100839,9.14573297040357,-28.334065646426907,18.427975360391436,21.500326302300582,19.828235138228212,-55.873034207012104,33.019175929554606,7.648519924754376,-182.45481261033123,52.13860881217662,40.96345873123251,380.9742313492638,308.8126516875653,-142.02971978489614,0.0
-0.014082287552573007,-0.0805103666873579,0.76827207001129,0.9997890917741524,0.014119085406940594,0.009167678951989257,0.011763377887347545,-0.24687273205401772,0.07125871262589456,-0.0694867263006895,0.4747634493958438,-0.2660634359111007,-0.00786624759667797,-0.2922152694543037,-0.10811334552569161,0.06955282332694246,0.47911007700817243,-0.22889248729290823,0.09170083503196212,0.028520749500182237,-0.3733888359465638,-0.12908683972661775,0.22651638321012416,0.12787981785453573,-0.07216908875952814,-0.9937129795662436,-0.15709766445310996,-0.7146413581842255,1.9503206722267559,-1.444119152805195,1.2347380707529405,-0.646841644137298,0.20724309473037833,-0.11106611985261866,0.19610389576383158,4.795369285758857,0.3764697539227366,0.6104547330942678,1.064580594798493,8.895528600789396,-26.94986250067667,1.2152935817013355,-12.54591521597173,41.44826572346313,25.411752708913355,-10.889081210675222,-81.79119066836637,21.884894333030815,0.1780081635619034,-71.58066763191188,56.169498682464024,24.39774065414984,256.66402485277274,-725.2526691784966,-50.38087477589792,0.0
-0.013410506421925787,-0.08768149846814788,0.7670078985109486,0.9997780504234112,0.01434619245181235,0.011061119784374174,0.010755848772387604,-0.2625672342912574,0.07198537747021957,-0.08437941257935656,0.5022983063006498,-0.2911192680342488,0.013572515342341418,-0.31086200368100514,-0.09787241508257638,0.06737605875359239,0.5047849985185155,-0.21120943214291307,0.09064287443322618,0.046274565655070356,-0.3454403866369433,-0.01191352783106449,-0.11822639316816136,0.19803524215994076,-0.09405005539734149,-0.556436234579694,0.17968901263003317,-0.7464628800030781,0.8872365630295933,-1.0548809840740483,0.9241815626663604,-0.7761471983354747,0.6585345887681295,-0.21053240862733139,1.2438215920139057,-0.5129597446695798,-0.264846209676805,1.7871390719167082,1.5340425515406795,5.269001203378454,-14.09206033210324,-0.5954669784859596,2.821789372587579,26.254971381612922,14.67498188578914,2.4873762053047885,-51.01461169032745,19.60640807030987,-15.18719240839974,36.543069998931486,10.304819129650147,-15.064181338938525,-52.25703385204096,-54.97840635347591,-14.424656005211306,0.0
-0.0122211110668205,-0.09417195702699968,0.767053003360426,0.9997774996010397,0.012908888099840364,0.013124678565556209,0.010298286851175707,-0.26983343442082364,0.07535857183394208,-0.09957980004392682,0.5119603773129218,-0.3067606214235924,0.028567257036600537,-0.32382162058314623,-0.08552238600262403,0.0612697946758221,0.5267272245882016,-0.22839518396940064,0.08111021698114323,0.07120683954580928,-0.3072650021780822,0.012899770693456705,-0.15405651114777347,0.20930010564700605,-0.01680471710666879,-0.22104165513470678,0.18615493906839328,-0.7112643456522606,0.21640461625882862,-0.6378465710967819,0.6474942758951452,-0.48848010923903723,0.5734226773077014,-0.3702839226516539,0.8384896873978365,-0.872300548155941,-0.5303831928621684,1.2995812085157683,1.9501416662485065,1.0753598031751814,-0.8920348901567355,0.15813160664962556,3.016099464745902,13.86190849381675,3.74079579729957,9.728858504151754,-24.444111006926082,11.130126644793254,-9.399948216662638,19.01827512096418,-5.659737818531122,-6.108651085867795,-33.67110408401447,11.384422597718537,0.254993720217942,0.0
-0.010496217328270609,-0.09992629202099083,0.7673117533659666,0.9997665423036087,0.011634473497493542,0.015110127442436356,0.010157950846219838,-0.2695770876608565,0.07918135457072314,-0.11292668733457822,0.5076972959348146,-0.31259841446769165,0.03787457513661035,-0.3320042566185412,-0.07673653368365364,0.0517186144395558,0.5418859924173086,-0.24785561648029497,0.06787199788025917,0.09691670475098065,-0.27255294136238883,0.012742843806093309,-0.1032046785120909,0.19857798766900256,-0.013841789366163947,0.11258217026749626,0.2259031697077785,-0.5562206206041409,-0.37873454952160457,-0.19551336732593078,0.35268167853055454,-0.3302684558025128,0.3608232741581779,-0.5077919761684245,0.6260907160406395,-0.9004847750319237,-0.6474237848347968,1.0577053597833355,1.647620404339594,-0.04149309744299963,2.443599187449268,0.41700343788765193,0.7451108153445464,5.01356525463512,5.316890082204018,16.463696878265186,-7.2111960598074,2.6087772643221214,-9.147306917559021,8.713924787733474,-6.877912829182884,0.10869145995649132,-16.987755874513923,15.582185237369089,7.023240806221093,0.0
-0.00825107802097697,-0.10512513092880732,0.7675262615795939,0.9997453795673107,0.010939052383729943,0.016889523069765367,0.010210640392944982,-0.26477183548619054,0.0845061331740279,-0.12146633877946088,0.4958455634377291,-0.31057637249124326,0.04155361514775154,-0.3367009684213462,-0.07043659297306296,0.04237165578163396,0.5523002968229817,-0.2631873185843326,0.05407787806764128,0.122809522156783,-0.24943609312136814,0.008725185129493237,-0.037121821135073715,0.1715737827547595,0.02160085144863824,0.26050206794495534,0.29432922019106855,-0.3060505785566661,-0.5973853392433169,0.13608526381342867,0.11113350853723471,-0.16804314771720594,0.27491367830724567,-0.4267203463631918,0.4253020812243053,-0.6194315072124476,-0.6463026524768727,1.052137383195956,1.1919346219030815,-0.25227531189490976,3.5604762578578018,-0.22163445269146545,2.545226401204489,-2.325783171159195,2.4817946721495487,14.117006510300104,7.880706332403685,-5.418999814231308,-3.17767328615576,6.360175598488317,-4.832994064084022,4.631892029543375,-10.368893144140497,18.027434114558606,8.160826957076912,0.0
-0.0055375336170508304,-0.10991348592248879,0.767606070878574,0.9997121856880901,0.010853984970317596,0.018444429778135898,0.010841577706467759,-0.2598872407695515,0.0910609155583792,-0.12445856808820846,0.4851842403651689,-0.30582609038732733,0.04661232410725331,-0.33822341425128105,-0.06465164200826984,0.03621281990237952,0.5582241772676543,-0.26948931813466614,0.04147940377087106,0.14530711964997423,-0.23037374489999624,-0.0005151899762681129,0.017298889528185955,0.14852896399559545,0.09666395925692087,0.2156843740199537,0.3312466253653952,-0.060662664527796485,-0.4427065993493334,0.17464926674158748,0.27303979833042724,-0.027385703681736515,0.27959749004475015,-0.23608326455210524,0.24187831793422282,-0.16358493964340826,-0.5768403568258931,1.009802772447184,1.0741014819005255,-0.5455530845534917,2.963581108054551,-0.48564570980553073,4.123104150088445,-3.739046031491042,-1.4664861877293258,7.3171518420830495,10.814243757542696,-11.617515635458407,-0.3543198007921609,3.610070371580525,-2.7197034592799465,6.037900279639851,-2.923129914762801,11.86832339675028,7.5649762737101165,0.0
-0.0024529597456004397,-0.11425475495337867,0.7674482750171043,0.9996696266544693,0.011062866384379097,0.019823776348965327,0.012052735089654206,-0.2579787599966893,0.09808750956724653,-0.1231612533416481,0.4825398858478323,-0.3074582549522455,0.057681441026535524,-0.33799899787358983,-0.05902276615664219,0.032565351377930686,0.5623823990451552,-0.2708629488070713,0.030958781049010623,0.16162455124806888,-0.2047743851024397,-0.01037642901857115,0.01683295883870247,0.13222205100833534,0.12319874974601651,0.06237706361362727,0.34969715762859127,0.10043441076045424,-0.019354453460857506,-0.18760541841618733,0.5863683919339158,0.003688159991546712,0.2522366442630703,-0.19172760956831278,0.29735244838227115,-0.3449178441485394,-0.4340867210427164,0.8751712536936013,1.4102739315845687,-0.166709882026013,-0.5376123155146386,-0.771373394347526,-0.035070232492910705,-0.14827006047549618,-1.858158861974856,-0.4435687545967709,5.091035646408492,-5.527748845284338,-4.65557562073394,0.3780474137826966,-3.145390973735072,-1.2075937702087163,6.3564713538410365,-22.317960704105673,10.08159709313351,0.0
0.000892619232495988,-0.1179619578162125,0.7672092424553343,0.9996299151023919,0.011082303808082785,0.02102434014847354,0.013236030221007156,-0.26077434060458865,0.10486204686709956,-0.11778874301365637,0.4942480107790998,-0.3186078241543685,0.0683056848439653,-0.3373713257910277,-0.05426627850104939,0.028866047595800325,0.5681873541585996,-0.279465061387588,0.023712458489991123,0.17556637556900712,-0.1685081839809811,-0.011695873092816514,-0.007571362485930982,0.09907539795080489,0.1039989379935893,-0.14727871500512313,0.33086282215135476,0.5002630056494567,0.6922656671296618,-0.6361113826994927,0.42797304065711594,0.08134345446723558,0.22576976793573542,-0.16952857191248705,0.26403995392441065,-0.45864209345424406,-0.3044737827366825,1.1679230518014834,1.9142856161714616,-0.057323925649267415,-1.4491270735967154,-3.3658033901865148,0.08951620016627349,12.299525515073979,15.4888543567943,106.45261740537732,-35.96704635553923,-40.99993016517318,-34.09641975951626,7.273685700104146,-1.5734740503555285,0.261614461713787,-2.9091793758960693,-1.8538901891688973,6.0647897172684795,0.0
0.004490816781289449,-0.12082809881564653,0.766888512926198,0.9995940758223321,0.010931629652336102,0.021842537176280322,0.01466583184632222,-0.2678643852057211,0.1087211710697886,-0.09928584427651682,0.5227855490795366,-0.3375097680592867,0.07107702918573462,-0.33522674534307734,-0.05067852944762553,0.02508651502620936,0.5737448097549698,-0.28889866040979645,0.017962593576864087,0.1883198900251709,-0.12195518610581912,-0.015421987919006454,-0.01778134186721767,0.05349338745730885,0.16211258531189857,-0.3258609509494442,-0.019100118943712163,0.9753011077082642,1.4984085993811365,-0.8241320853962428,0.03989113223546695,0.17122276490899369,0.13837049100001603,-0.19149686083237402,0.2535649962151317,-0.47349503846347063,-0.24872754136033015,1.198939545152207,2.3849542605409106,0.2899120510307036,0.10290396484045145,-4.199130338802175,1.6043959923641236,14.30927223236474,-29.201752670685003,-12.236596755735423,-22.036800986419134,22.340303277034046,-4.827466916436326,9.330585803185416,-4.416219145093096,0.40191852962286856,-4.658988836850611,0.15576891771231952,5.167998572855085,0.0
0.00835693391053726,-0.12279577184675446,0.7664579714037045,0.99956445217907,0.010630305457549137,0.022161164996502798,0.01633356396604954,-0.2766685732044689,0.10353855031707732,-0.08127674891527578,0.5643509369549182,-0.35834823060420695,0.06939609360055954,-0.3315903860619578,-0.04821417495373713,0.021378064722531922,0.5796648662541684,-0.29888688511872463,0.012330394701874057,0.20243887084432147,-0.07924278886147576,-0.02226969368465964,-0.042026051909146205,0.0017134055498488586,0.15068565938659736,-0.33237525153355774,-0.4653000170792655,0.7788684313356207,1.9787596142420965,-0.8857088241441828,-0.09682806315560537,0.23741130788263787,0.11385506355678916,-0.16332361887052887,0.28194989621506444,-0.5064830898075211,-0.25475118974131644,1.2658596038931444,2.0761352847841748,0.13339275776103354,-1.012270513171137,-4.266098509371691,-2.6435963093340065,22.39601003120223,-22.806983412705268,-16.47007614615169,-41.86422266004742,24.198204081260673,0.9733448412587424,8.463872119392356,-0.5352343983870809,3.17832543358012,-4.290645997221581,-0.01441423411106263,5.286956142686105,0.0
0.012481469814008953,-0.1239945745063016,0.765868673905459,0.9995424632395727,0.0099562875514033,0.0220721325447925,0.018126154696640407,-0.2850852769559443,0.09066578834241816,-0.06822416534879593,0.6105803117000117,-0.38062765249011415,0.0661873899552571,-0.32672454891860253,-0.046258266745267,0.017361810965814576,0.5859740429789542,-0.30949995457091667,0.007293835842911681,0.2137888238299846,-0.04481636342915702,-0.03143836755245137,-0.09406259468544122,-0.02630804319016763,0.17907435945142505,-0.3175346115497254,-0.7624802372271844,0.577472092751618,2.073318717461516,-0.9632195608841596,-0.15122780896341198,0.2898460102346297,0.09711508611759843,-0.20686951131334816,0.29561744723065386,-0.5361573686039377,-0.21279387126382007,1.0575077487743583,1.6029942084147943,-0.02743697258525444,-2.68205662566847,-2.8502839554765496,-1.021156092825246,20.26685338147999,-11.188292803280314,-7.262821838907886,-52.659352392795114,24.06462221341514,2.467626750588547,7.190952330756759,0.9555360419939644,0.47480410324836275,-4.804590676138432,0.2205115390011957,5.6899579125320825,0.0
0.016804259998240045,-0.12458826302489792,0.7650838677351572,0.9995169421277013,0.008653777881352246,0.02180648561710588,0.020383123242055722,-0.2930155108628425,0.07384603601548434,-0.058014029848351086,0.6547293160392913,-0.4028230305049307,0.0634791906323874,-0.32093025391756613,-0.04444953178799026,0.012013308162099614,0.592305729549572,-0.32052988253306225,0.003446267374495512,0.22178997504475575,-0.017965377669240837,-0.04226205216836963,-0.1687946028947492,-0.03062428096252868,0.2383244186293221,-0.3179529170876858,-0.8752857659644211,0.4877406332674666,1.907303230051711,-0.9562825040677879,-0.11605545721675944,0.3248220245194264,0.09930974327451852,-0.29203164512656077,0.29317022502738144,-0.5530200219826775,-0.15348309692555126,0.8051453191853494,1.2343966430644673,-0.1742026131700341,-3.8476058771507646,-1.4426293719536785,0.4746811470756381,15.74090258674386,-1.839984589823003,-1.7389093586590727,-53.79782939210226,22.799660897297127,2.051732737460669,5.512595510067544,2.1019313294942745,-1.464075444768143,-4.78274449510407,0.5053637915619633,4.949626040003926,0.0
0.02128332721607772,-0.12469140760964298,0.7640877683875497,0.9994790667390214,0.006589608564494971,0.02148841901913254,0.023160743889612336,-0.3001587547844803,0.056373922655847564,-0.04856555589026451,0.6922449552524784,-0.42253774009255485,0.06163685319277228,-0.31442531552206354,-0.04234378573106822,0.005128500910875893,0.5983921338676618,-0.33165151373628293,0.0009692960244182021,0.2283891636710602,0.004789361049709226,-0.053448978915575374,-0.24892600302596662,-0.028938363793579745,0.2851591863690578,-0.28827799112783714,-0.8524156372152618,0.46892217306660267,1.5631339583823414,-0.8369919186872854,-0.07781761734328997,0.3508838869357418,0.12344369661542634,-0.36586762998974565,0.28274397329875034,-0.5540391066413186,-0.0912999862029647,0.6157383532064324,1.0546249360231856,-0.28598753284622497,-4.145307510471026,-0.7120753108213165,0.2259043017210835,12.450485697028915,3.6379710589676737,-0.9261652641925433,-48.53926819189379,19.6108488255772,1.2572503711218423,3.9363818455287474,3.0327516119432536,-1.264631969328118,-4.02475432640711,0.5709239560512419,3.5992328366945574,0.0
0.025891029802472067,-0.1243608545301885,0.7628711766625769,0.9994242800438611,0.0037687540839020685,0.021161691863043217,0.026250480928156725,-0.3057221878803526,0.04036281885563133,-0.039015659436622364,0.7196330767552916,-0.43766425906466083,0.06001157189358772,-0.3075027900495973,-0.03959968656948452,-0.0028519618326686195,0.604308294199998,-0.3426211494043872,-0.0001555785333647576,0.23346327435227468,0.025732987426746,-0.06540330578695248,-0.32371194934251357,-0.02366336482734799,0.30652788381885604,-0.21853234491276965,-0.7508242801289025,0.46690967272536205,1.068232412928561,-0.6279746858566633,-0.07363530791764918,0.35763970256983424,0.16023714375126377,-0.41169878631068935,0.2848874723996332,-0.5468365710481421,-0.030121634932225215,0.4020140422512529,0.9839044063215091,-0.4417259587798949,-4.0469660081251515,-0.032007733405501726,-0.37827766757223763,8.749676832713472,6.104959083177763,-2.981208800329697,-39.37749885205247,14.479989832471912,1.0479716415332685,1.8931772424731732,3.459320765230872,-0.6097095106588726,-2.3995660710117024,0.1225063806896132,2.516625178191107,0.0
0.03060325746522242,-0.1236204589197012,0.7613978267525456,0.9993506656637997,0.0002723630398038762,0.02083891850739692,0.02939238559793416,-0.3085340507140532,0.026601324686869272,-0.029973823938755178,0.7329020083181532,-0.44617520333343297,0.057590204068152566,-0.3006314289602428,-0.036057849233681466,-0.011372907169720963,0.6106674621561241,-0.35368274604805405,-0.0002959089414604751,0.23727207507288137,0.045594331718594124,-0.0803223200973965,-0.38997121138114604,-0.01797004765411276,0.30366981441095137,-0.08989843665987049,-0.6308453399667023,0.4131223946837119,0.3769883323870044,-0.3311852369485835,-0.11544268686239387,0.336564744404208,0.20383114528670698,-0.4320729843629127,0.330447302871988,-0.5638469232925087,0.005185683982187487,0.16314945746792672,0.9006224361624063,-0.7370466518994819,-4.161939696996957,0.6507087532122988,-0.6787666760319158,4.120777456369025,7.011976559359229,-6.185502977294426,-27.094246769670605,7.2152588642167945,1.8124435560375498,-0.6273095039378946,3.9047351986021286,-0.38871486977152825,0.37961545470914815,-1.2410684311064821,1.2392987861145959,0.0
0.03540684665255361,-0.12250196874252292,0.7595535935063578,0.9992579764232156,-0.003848403024246932,0.0205010080567366,0.03237892860181851,-0.30682320301116534,0.014878269785446369,-0.02344153045936285,0.7260562323737797,-0.44530916587453917,0.05301381421961853,-0.2944663281694349,-0.03160148547251665,-0.020048311683861002,0.6187791088994106,-0.3656251002477235,0.0007176848230405176,0.24037301456170188,0.06291736028797482,-0.10372028161203206,-0.45728866045637623,-0.013718257983503646,0.28552786289027476,0.12532005435081342,-0.5270099067227845,0.24648606936071588,-0.6190476374971068,0.09010380712282316,-0.2185310313800714,0.2770619559705826,0.25632345108662047,-0.4421440159733554,0.45520917242074715,-0.6263054302894385,0.08146869690350896,-0.11426154387866622,0.6752765382727045,-1.3592321882305818,-5.2733687838638685,1.5196421835730654,-0.22976204492327293,-2.4093056344858845,8.529145101867734,-8.967062714175311,-10.3611065037623,-3.166315098163123,3.911743232978794,-3.8628969224721432,4.989870395310316,-1.4398563791068406,4.418271804799721,-2.993290170912022,3.0235950605023003,0.0
0.04035556529996803,-0.12109852851595333,0.7570913887785778,0.9991521018681389,-0.008710180620920587,0.01996411905465932,0.034937716531034405,-0.29649904083851764,0.005023017126741443,-0.022348803997043545,0.6868171251087827,-0.42349801050336655,0.04414619843156567,-0.28954698861840333,-0.025621466225560642,-0.02853122168145179,0.6306978050751011,-0.3798380985066733,0.0036683416076841702,0.24731009516146682,0.07289162023722293,-0.14442611052226262,-0.5522736171603279,-0.03313604590682865,0.23806755586121436,0.5698040422267338,-0.402845822340464,-0.06437305919733238,-2.2621335559530493,1.0975120211498388,-0.4202499176740609,0.19310075830963888,0.36011633344663974,-0.43852479714451303,0.6962918847135411,-0.7697753264822536,0.23360480705043812,-0.3686403047544434,0.0989607628975786,-2.6236373239138695,-8.512076213199522,2.192799152491704,0.7366616438045136,-10.873012381893979,14.00553922172392,-10.46996423465069,15.968367603722502,-24.766219706207615,8.0363605785768,-6.960781024812654,8.337740379848503,-3.461774353330718,9.020835620759879,-5.317079629217884,12.962591980358706,0.0
0.04546805278973691,-0.11954615863485268,0.7549219647506011,0.9990318399609508,-0.012744212645288116,0.01924169796900274,0.03745296847459734,-0.2868030038206861,0.0021219368318774706,-0.0305072940142181,0.6705502318651154,-0.4349917274564963,0.016031796655105287,-0.2836121129361665,-0.021322318756872165,-0.035956710266354504,0.6420092520439098,-0.39444594463164695,0.004867590580662596,0.2604923499876763,0.08922396495189727,-0.0632116229796673,-0.22296294990427218,-0.07022791198498732,0.25987776383279243,0.23430006111518775,-0.116334289990046,-0.34383296823055665,0.28533527693240407,-0.5681338333571144,-0.6571771100217776,0.41373725094049646,0.0018290284430933224,-0.28356554342111884,0.35474070489475407,-0.6360431718986912,-0.03873450387892844,0.945605464823282,1.8300923453541829,5.077223409256998,22.857705182833488,-2.4802391127595698,-2.120678441518902,-2.565727872955871,-11.602346332050535,18.377886478283983,42.85419917881088,15.875737690061886,81.49413795162248,14.718362932961975,-24.582785749987398,14.777884395261678,-23.806799429348697,10.264674336957428,-8.924398007472973,0.0
0.05081697017557053,-0.11774318056916007,0.7544460190176299,0.9989176778789266,-0.013761405878146666,0.018232312757907255,0.04051764184559902,-0.28130160145278094,-0.0014754399897117122,-0.03660773014920307,0.6785188743391704,-0.4425508067964876,0.010908885868787972,-0.27191166067591194,-0.023569763148680332,-0.040654269223295444,0.6439107636965009,-0.40471756273328985,0.003773140472817473,0.27272823004961494,0.09167964340358702,0.003306095032247526,-0.023016396733210716,-0.1194907750059069,0.3095838690867079,0.3961412210846413,-0.2448336742478169,-0.25161567415785974,0.24509920520391504,-0.22923368293474583,-0.07335527550364011,0.6843402315754059,-0.1865373822702495,-0.15920805269423882,-0.061715353154800624,-0.4311089979893595,-0.11257494088601308,0.4497822824899043,0.15483980234891873,2.5679409373920126,9.151531623592822,-1.0473627865344477,-1.1743577821291198,16.719961724501424,-7.026632603779613,6.886589981173923,-28.800379082702687,15.122362216583165,11.681392537888925,6.496959673679646,-6.103555014181243,11.780178601051109,-12.081832207928358,9.023108705943956,-6.621286142967084,0.0
0.05629523835642911,-0.11605654026546491,0.754858333474672,0.9987987380719839,-0.013743555286542303,0.016695383471421094,0.043971123304296464,-0.2709177783657873,-0.006364788572484343,-0.042021635338840374,0.6799261145957605,-0.444800675191698,0.010288975235615378,-0.25634429830412286,-0.026945618627314254,-0.04260320293890993,0.6403649577400596,-0.41024340437467577,0.0030018628958685674,0.2721338765781595,0.07796345057230306,0.030954370042300935,-0.005373452358584017,-0.17241537119514191,0.36139537796541066,0.5980256825650742,-0.23906922602502154,-0.28508021112082943,-0.07461076690751176,-0.04948571349968645,-0.018467344808108105,0.7939056891475585,-0.1364579837241415,-0.01532025935389331,-0.20129310607716028,-0.16989960712493887,-0.023944640562180906,-0.4325848871520146,-0.742859678819679,0.8610714400642585,0.2781960926011312,-0.08970110347333471,1.537069598406962,5.942834991986122,0.8016933078696257,-2.0737271594554394,-14.515450466363626,5.181614294891265,0.3457855814026931,-2.8268574574687877,4.635905078183114,10.647155595976182,2.1010940793439614,10.343983053524497,-1.795321607581723,0.0
0.06166889000046228,-0.11461652361150378,0.7557398322075517,0.9986655576160068,-0.013568989307061598,0.014537817900047167,0.047661708020189625,-0.2578623539704457,-0.010963988837643901,-0.047511835029671746,0.6778047266345961,-0.4430124853979768,0.010044786054005196,-0.24159835445595373,-0.029208546743995676,-0.041148488832614634,0.639851154381465,-0.4087332656052092,0.004940554464348771,0.26471602178002046,0.06648268491690722,0.053862468071017994,0.0031046055693475173,-0.24996556210587828,0.37324106258880435,0.6635610420002622,-0.21194128305863774,-0.24969265095008725,-0.09417771528471446,0.20116172607045177,-0.005425410986647441,0.6856541948205355,-0.08959520221585172,0.1235021427290287,0.10495170435773876,0.22605922746743612,0.09090350378264804,-0.5238439071704148,-0.6514993579259514,1.0112364036377182,-0.11143440094669772,-2.3352886504842423,0.9379737106123671,-1.256430309914205,2.5959497939736473,3.5386028538694414,3.8564218026043546,12.223588987020795,0.7333624160057821,-6.043169671912852,2.5076251918759693,3.5306810833783002,13.242645159053033,14.308406910336961,-3.9316428941836037,0.0
0.06685884249051369,-0.11338386350739357,0.7570396803437215,0.998526027395871,-0.013272611747303795,0.01176758935493513,0.0512945828640855,-0.24387203235203386,-0.014536326083388024,-0.05081579829218006,0.6753442048605566,-0.4368579057606822,0.010253449859143985,-0.23020222029096243,-0.031112221420164832,-0.03871208119954876,0.6470406216773417,-0.3998072737446817,0.007997685989783876,0.2552215478217881,0.0568739050948678,0.07361809328100186,0.011154526303261381,-0.30393758665993087,0.360107901885243,0.7017176327678986,-0.15249801043509695,-0.11859374093530436,-0.10959975368992725,0.4007577613122093,0.022637402902004,0.5058263336187285,-0.08641905783630688,0.11975966498572593,0.4977609453154181,0.5795623536204628,0.12529468905498028,-0.47226960611232566,-0.581404571648606,0.9160333735518239,-0.4126036654638696,-1.8724015710104362,0.8163932065713844,-1.7274973668711322,2.8152546931276,3.578741056622887,4.010216847953755,10.635233425362745,1.2509335281544811,-4.658122247058121,1.6958579867564094,-0.5081787861133109,9.74662476162669,12.214029102437081,-5.342110753475214,0.0
0.07185557320481892,-0.11234940423095907,0.7586383110378103,0.9983755383976267,-0.012890767607919745,0.008749652854864204,0.05480470796061951,-0.22900368270838856,-0.017027789197015503,-0.051948167623267635,0.6711379720032007,-0.42805183222055704,0.011419533728554561,-0.2217372534261646,-0.032418927591748394,-0.03551634244103137,0.6595349224664687,-0.3865060802856456,0.008860769914295675,0.24497756847060842,0.046798788204086145,0.08440975942976547,0.018130608367781298,-0.3039709982295001,0.3534053141463096,0.7347028718326953,-0.10559222940994059,-0.03315065265137914,-0.2301531344782991,0.4869757106719433,0.07041039425393084,0.38366409436940857,-0.0513111728517543,0.16371910009695687,0.6620067927217014,0.729334726939188,0.011464476877333896,-0.5748357918593257,-0.6000864396125566,0.4367048415734202,-0.4627607218278591,1.0020239435908393,1.76968327087954,-4.101247461373854,1.9008048007727447,0.8297707247237848,2.1850960214210566,6.034249404754725,0.35647112305188594,-2.408241176053968,1.4470394080316191,-1.448559333482561,-0.6777322006840909,6.271506992295354,-1.8121550710497978,0.0
0.07669805108206848,-0.11153691902384394,0.7603628159794755,0.998200838947491,-0.012468625349088,0.005866080916266989,0.05835415667382137,-0.21288919467689152,-0.018724279081978955,-0.052161847780056544,0.663032102801838,-0.41883459360255026,0.013368648159436194,-0.2137578894897487,-0.03251768769034396,-0.030727459999175782,0.671264535744398,-0.3728106344888984,0.006283670428435191,0.23754037849958803,0.035042592343368005,0.08623886327227108,0.022980382596574027,-0.2725497709921583,0.3653579070205827,0.7907939283422369,-0.07057147109632718,-0.005326850305927153,-0.448473937450469,0.461338697327536,0.0978110186581946,0.4007641331369252,0.009983114914983012,0.23805420443848782,0.5153566060311394,0.6731002758279154,-0.15310401041530217,-0.6756230547792631,-0.6632360622862777,-0.11303628661355258,-0.30142490999080984,3.563995012059521,2.430964671310673,-6.90441700404445,1.4857222304104216,-0.093918513927291,2.1815196904360405,1.4638582305126815,-1.096598853219354,-0.7640641693623326,0.447665709221481,-3.98991743467725,-8.315125359418232,-0.7263325357252551,0.22366052759701743,0.0
0.08141091143520553,-0.11098426384781811,0.7620165984471794,0.9979970936778952,-0.012048914404597686,0.0034352812301251703,0.06200664089445807,-0.19563090665320024,-0.019647314765515927,-0.05200129497707409,0.6501587334260628,-0.4112273052515687,0.01564950128364495,-0.20454326487498445,-0.03107371547906267,-0.02402086381389726,0.6780060445097404,-0.3619746678804232,0.0005837693133775434,0.23029732653047685,0.021186721906153196,0.07773660397708296,0.025275172902228648,-0.20983111202463198,0.3756726851557814,0.8251167014502452,-0.033700997355047974,0.0036464517998583117,-0.6759290012268699,0.3422037898751182,0.10359296119014556,0.46495678728338874,0.08162655969009402,0.31842090974300813,0.23252299646205357,0.478246647129827,-0.27997564414560905,-0.8645911286566065,-0.7500622653278004,-0.6972931193590889,-0.15166209008895096,5.9387863409617525,2.2450510912345485,-10.952034146333851,1.1264079924971742,-0.8366011724078177,5.087590734996697,-2.3947585217419607,-2.2778327541006327,-2.910486285489428,-1.2140001371233162,-7.538059207215676,-8.45508019814759,-5.363261014861931,3.9991710952567354,0.0
0.08596899942435719,-0.1107206390965352,0.7633873421806879,0.9977730882258279,-0.011621844804197737,0.0017413770722811864,0.065656414321319,-0.17803910796288608,-0.019889825691594448,-0.051669902341370526,0.6331282531608395,-0.4066880208315905,0.017845756481730694,-0.1943335237602204,-0.028532257855841188,-0.016179426156115027,0.6793943294762844,-0.3557029054722196,-0.0062067335007813425,0.22140975060380358,0.006168151768095291,0.05885488325047483,0.033642622359279555,-0.12465328889332329,0.36856461544606123,0.8164695743078909,-0.004223879599819402,0.008998907611423822,-0.8552809497427555,0.16250479087724626,0.09223441441963824,0.4857649768873745,0.11972583415071997,0.34802640139320157,0.00134280274343373,0.2259267883865137,-0.30418683471153973,-1.0286569278681386,-0.8159538526296614,-1.2131351145730935,0.24246318605020326,7.355262388056937,1.3805648083496687,-14.290022232410129,0.4984379468799374,-1.2494867731188415,8.866997539692855,-5.150155515073105,-2.920855419924424,-6.945521849600331,-3.1951968431065527,-10.756852459265009,-3.3368683263056997,-7.600301564157462,6.334729542367814,0.0
0.09033372019536239,-0.11076811163045962,0.7643031766519106,0.9975435517618156,-0.01112501693107708,0.0009447417529561427,0.06915348002613161,-0.161195055508504,-0.01974991391587738,-0.051443232391693405,0.6135088919732817,-0.4058137079723942,0.019687278033177175,-0.18434908448943965,-0.025723108207521814,-0.008455662426699094,0.6773186890768934,-0.3544045293492064,-0.012264705404686656,0.2112446882175881,-0.009924143049327693,0.033627151268078345,0.050094532284500705,-0.033526962902867316,0.34734120675645547,0.7596761672595405,0.010012117120222106,0.0036267666552877694,-0.9485845870386017,-0.024535823491046,0.0715474042482085,0.4499829819244624,0.11966088440291395,0.32491558577406654,-0.12778726761503723,-0.021452970208109857,-0.2464087424186859,-1.053990326221626,-0.8828695889657187,-1.4518831514255546,0.6114231561328682,7.292017114587128,0.495387482484402,-15.775036460594464,0.15192151675038945,-0.9299166324482696,12.308308457942196,-5.887747201130544,-3.137641970014883,-9.296084125106544,-4.1692964592682955,-11.795218865627618,1.3405773355273674,-7.770691950640508,6.978769617418718,0.0
0.0944901717516974,-0.1111664306176816,0.7646655919601199,0.9973226181057142,-0.010515514818835062,0.0010290550297872112,0.07235993648839033,-0.14594056006308714,-0.01935361535534232,-0.05138228761420673,0.5931110163759857,-0.40862762969856087,0.0209724531350017,-0.17576152631110165,-0.02317011730023832,-0.0018409386957163737,0.6742233540785297,-0.3580611024193118,-0.017500134028031786,0.20135487765126597,-0.028648308776543372,0.004367702307117884,0.06796590378377597,0.0471168112880346,0.31253253988913393,0.6754418145235865,0.024107049485835495,-0.002335341085024345,-0.9585734011175724,-0.21452007284299576,0.04233608156431139,0.365563544589748,0.10500723197340361,0.26336205604384283,-0.13426762910666848,-0.2706009063613337,-0.21076152949559435,-0.9590689527295344,-1.0164562008460496,-1.5748473649309516,0.6444724203839691,6.4404614173395265,-0.23995753684690183,-15.613768019656929,0.28273477845135575,-0.9047533951601575,14.51092828387623,-6.7259517600177094,-3.108603767364718,-10.174486239184391,-3.8386945389815588,-11.178735171620023,4.891555347005212,-7.629772848508792,7.2788549757814724,0.0
0.09844198368758621,-0.11197403855600903,0.7644201590272361,0.9971234078722339,-0.009756358290721218,0.0018776893584236862,0.07514118197658791,-0.1328064162306782,-0.018751412956066565,-0.05154388581380833,0.5735826932578092,-0.41500709906812583,0.021566370587917418,-0.16969428996147184,-0.021082424702966687,0.0031020761078817296,0.6728402434684131,-0.36657544239153755,-0.02261636457912307,0.19209751301266811,-0.05052323598581251,-0.025953162317670288,0.08943371770024565,0.11341502449279087,0.26712881072714334,0.5709706366572282,0.03206327574954186,-0.02194250402712766,-0.8943013950601675,-0.3887658304610763,0.01124837477460833,0.23404938342553444,0.0846233534534969,0.18521427431186743,-0.01897848129975374,-0.5038967546066083,-0.20150206502893214,-0.7514571096207883,-1.170893404826695,-1.4907232914842188,0.6515072765468881,4.971881718079541,-0.4154807455106019,-13.97112211416053,0.04523476307485606,-2.268557797563344,15.166527266644156,-6.5803631773510975,-1.980935502939083,-8.47911920352343,-2.8348849212193517,-9.102558000707635,4.74687356019796,-6.657138411724382,8.477499541296874,0.0
0.10219744441576027,-0.11327549786219963,0.7636072932452614,0.9969540134420708,-0.008861829011915607,0.003375247062547885,0.07741298841652944,-0.12225164608248264,-0.017919640544843164,-0.05232984967460638,0.556309394102284,-0.42437692185350673,0.02141409406416535,-0.16716807897123012,-0.019040135568940384,0.0062887044761657,0.6750770793529677,-0.3826110374466398,-0.026609485273168462,0.18330078689894758,-0.07728744305702911,-0.052308273915083296,0.10659927967729817,0.16821057677939286,0.21285526817454337,0.44787405183376555,0.04740868240789655,-0.058493835825992865,-0.7709430495400703,-0.5254735657010707,-0.031779997651861215,0.04931039543459903,0.10176029357076911,0.1002248904379711,0.1442735946110243,-0.7570140926802652,-0.1718373942046124,-0.5023973132375601,-1.3714833136674716,-1.2621984057705729,0.6827994962977887,3.1300727228167116,-0.7889722321279039,-11.125750488116758,0.5064312069295807,-2.350048702830413,14.258537351392656,-5.738079774646458,-3.309747910228643,-6.811578296245983,-0.8145479115304626,-8.452064364459153,-2.122781734487732,15.175477490534531,3.35613995273623,0.0
0.10579139429659125,-0.11514892301237795,0.7624535125581735,0.9968133344608602,-0.007814303887125288,0.0053400059393576334,0.07920604290297695,-0.11532160315729542,-0.016869881834278743,-0.054033919868668026,0.5439801152538872,-0.43449457605253056,0.019794758111085886,-0.1685561239228728,-0.016768656855543712,0.007824652804198156,0.6826836337780453,-0.4108606545448894,-0.027804267655854312,0.17704907172873158,-0.10569316593646363,-0.05364432216153569,0.14726645866071425,0.19968776423709111,0.17057299112355442,0.14536834578783198,0.025581507907075175,-0.10118141605930023,-0.26649656631303603,-0.3656283410905827,-0.1297754168981698,-0.11612952807069071,0.0830145537710952,0.032306693807375816,0.3858892162237135,-1.3561503795889016,-0.019866306715242168,-0.07891238627773145,-1.204713465137878,1.0243490647048026,4.473077913984307,0.5088249286913992,-1.6322230397202766,-23.607110013673964,-4.411593388064591,0.42743707271637127,43.30230949924794,21.688926615882828,-3.905391343835146,-1.0543223155662276,-5.090766437040093,-3.916845919820187,-9.055219647521419,24.93357844932787,1.936179390352394,0.0
0.10936077801132744,-0.1175846754456537,0.7615763412541343,0.9967025731867118,-0.006207162423216322,0.0074474295693275116,0.08056045885202325,-0.11460830665451426,-0.016446754498738544,-0.055630506972844385,0.5428744867067672,-0.4387515514203842,0.016422580335608786,-0.1721309290399401,-0.015355121858672455,0.008217148474692218,0.6933884827416991,-0.44260658070842396,-0.027194567504772272,0.1823597214032067,-0.1353561083861528,-0.036838466314490226,0.18920351580574096,0.18351176462105445,0.11270243282789384,0.02531423552867693,0.03534375870869339,-0.061355204282461585,-0.005275687856346023,-0.13701315936263395,-0.19316777129556106,-0.17475928462261575,0.07605695224700927,0.008192562068952722,0.5080408557617015,-1.4209133472972963,0.034391396399345096,0.5565479743939385,-1.5520373493500133,0.6372154935842937,0.6851769581063676,-1.8361603658276047,-2.642312195754159,2.832539465726843,2.693967945719019,1.7845590913858826,-0.6871381639967638,4.985693446781007,-1.9830391139403765,3.2648344782247594,1.8705163971943477,-0.9037660544803706,-10.593016407367067,28.7925035556501,-0.5372897737818829,0.0
0.11307129520550784,-0.1207050162296372,0.7609265170677341,0.996609299115304,-0.004582129070044232,0.009435223295938041,0.08160812196983006,-0.11415641972471023,-0.014795412109313271,-0.05718731478056872,0.5427512577255237,-0.44107771391566386,0.012069707370245843,-0.1762593576836776,-0.012859566095548211,0.008114439183361948,0.7044829628620466,-0.4702409102032621,-0.025148167621860056,0.18938142697393606,-0.17290300398477956,-0.02909243973484471,0.16406501001490517,0.18036680541820402,0.10855490679574714,0.03938194977435287,0.12485332932999851,-0.09429812733762087,-0.030464531009994324,-0.10750434282644193,-0.23423652517164872,-0.1935508131954972,0.16341701168256834,-0.025535120268091373,0.4838154313774447,-1.1844378397389943,0.09962190076645008,0.49976518218643473,-1.8601081373225323,0.3497132235683872,-1.5222306997763388,-0.7333858627894664,0.40478710158398934,2.970807572836793,4.749480824086229,-1.992846784451665,-4.090328893920404,0.5593463601407868,-1.788836069240654,3.5506880755060197,3.715162817554244,-3.2728711634827614,-13.411697312915432,25.609377288062912,-1.8161879106074263,0.0
0.11691285820955151,-0.12454023613194583,0.7603880219992876,0.996512998700485,-0.0030999275334397435,0.01140952777563049,0.08259574169526272,-0.11298667533629483,-0.011619846505356867,-0.05922935057732908,0.5411370398332511,-0.44299339743953,0.007075333964454441,-0.18097715959087776,-0.00962103171333157,0.0067140561869734605,0.7150426579898819,-0.4904761387163966,-0.02291157707110601,0.19539925804711342,-0.2072236682740449,-0.02505973257459039,0.15972727208627316,0.18309328586293008,0.1019440270319033,0.08037102859097651,0.18751823333878906,-0.11563688233749918,-0.12270075411781949,-0.0869046261335824,-0.26604921091073486,-0.23209652636542352,0.16401251285082458,-0.10141313191880313,0.46311990486402294,-0.8329690904670602,0.09892915030255103,0.423912745535456,-1.7170370887508215,0.1863246891861843,-0.4241076989736842,-0.3490523900430062,0.4234504985983255,2.525556447807341,3.1661016477324693,-1.9349877255711807,-4.301360430814585,0.916379356787481,-2.0302825023237334,2.496177794169117,0.48844539150561567,-2.6584530845390373,-12.535797404743644,19.34011340669102,-1.9135243533980353,0.0
0.12087575340850505,-0.1290274750574748,0.7598984415493935,0.996416503761195,-0.0015391163602618701,0.013389417110210362,0.08350153089970479,-0.11105123250221927,-0.007576645749808272,-0.0617470969085656,0.5379480118262813,-0.44435553363424524,0.0014823397967769166,-0.18626956315425294,-0.006867459754408497,0.004120816033174801,0.7245231515609057,-0.5031296277835737,-0.02121534907490402,0.20128480766727255,-0.23850628238600446,-0.023988058198380836,0.17815632540035137,0.18157580280954283,0.09170907830522494,0.11053111881960093,0.21407670380807894,-0.14363128004222978,-0.18065853455216488,-0.052196520366553145,-0.2965173029027388,-0.25936466679388753,0.1241208237755509,-0.13688458142579246,0.40374564289649795,-0.49900872001188423,0.07143628575477215,0.39474850242012044,-1.5762839212001076,0.03996897499294721,0.763620583361745,-0.47983684896982265,0.10257457670533039,1.2568256178859416,1.2117396748671416,-2.6072040127289537,-1.3451960011164479,1.864333823745237,-2.1994219050272616,2.320974841723466,-1.0078409575684886,0.5130064049009506,-12.005087132336001,12.426482013892658,-1.425654237427444,0.0
0.1249726420635473,-0.13411736981739691,0.7594112330084583,0.9963230187465385,0.0003032520830525473,0.015307534850516592,0.08429727000774472,-0.10870026178425939,-0.00338322465325052,-0.0651628390495375,0.534364052806753,-0.4447885776908366,-0.004694935631814976,-0.19152531630034178,-0.005042739242996511,0.0012219333255661662,0.7314418773695746,-0.5089304869991876,-0.020498276168425006,0.2083761767444841,-0.2677307043515344,-0.025158569138803,0.21373798193378915,0.16839538397157253,0.07639940972608059,0.12604773852057974,0.20849892854308688,-0.1941571452651373,-0.17567758472839898,-0.0019284347346473461,-0.32522139376749243,-0.24893456092418545,0.0746815357519297,-0.13059521276470093,0.26590562074247537,-0.2032342206815321,0.025265720538642324,0.42507203922471265,-1.480482702239485,-0.13344982195378813,1.633766832773,-0.949138831584279,-0.6914953189269853,0.8820264019514322,0.18028243302162036,-1.8857063237795453,0.9274542977006398,1.9139375245045356,-2.2435355093535962,2.381223217799144,-1.2519930282524157,2.9198771245921047,-10.390028943513034,5.891297039353224,-0.5677829395183265,0.0
0.12922991557375005,-0.13978430551225163,0.7588830842970558,0.9962353506187528,0.0025678638466000068,0.01706735350017355,0.08495432712520308,-0.10641259802452845,0.0006714791453718014,-0.06902325793260411,0.5319361802182779,-0.4440111103923093,-0.01149201219616753,-0.19593039991694736,-0.004145404680710735,-0.0014806857365390173,0.7341073251525938,-0.509700695394201,-0.02031480116822223,0.21677770889771167,-0.29614343267982457,-0.027822802551684254,0.2620744535748339,0.14546031446984878,0.060920901850218936,0.1087007541586331,0.20060735102695934,-0.17910829515118848,-0.08098195642754853,0.07045385400999547,-0.35853364972119034,-0.20029578381376373,0.028788604798231,-0.11340534544633032,0.05132464030527692,0.0009308975802250967,0.003566712130223043,0.451532690158336,-1.4212611950270568,-0.19131820693011473,2.6561602425437005,-1.292519469880482,-1.2128927962868776,-0.3153547755339081,-0.16724816203934928,2.271443567117435,4.149968833663181,3.377276955750702,-2.3449174941912303,1.7674700101550032,-1.375897293280858,3.9327126305171523,-6.621907386584596,0.9853175853765404,-0.26332910102559226,0.0
0.1336826298668407,-0.1460128060880715,0.7582896980283121,0.9961521771700944,0.005393001919093557,0.018583104851969217,0.08547762083517454,-0.10465939901247759,0.004484175046364389,-0.07218078973030331,0.5321004224473265,-0.4416297340177522,-0.018871621018142232,-0.19857650939740035,-0.003952163676931535,-0.003817705217223053,0.730339373668881,-0.5024816475675551,-0.02065074488392865,0.22713155934105483,-0.3238421760929102,-0.03225266209681308,0.32316980610901347,0.11330027854251032,0.045170745988855475,0.07989243780413405,0.18174690061563298,-0.13121867123260064,0.06257661618661454,0.15250819167600294,-0.38497154736483996,-0.10863552507845524,0.0023999478732505478,-0.0865146135974381,-0.26599548881246493,0.38503110355437925,-0.01698595583486,0.49356686827993,-1.3769623267707982,-0.35155917689051785,3.546539785111625,-1.5380513128452897,-1.9352307254423406,-0.019888189945259357,-1.0556579229288232,3.3965014585181215,4.532782689031612,3.306275359920097,-2.1217017184374583,0.669528369149085,-0.38923289820854307,5.126049179986773,-1.4021957791684874,-6.536503185480524,0.3568927378691767,0.0
0.13837573185453322,-0.15276790834820883,0.7575678240119954,0.9960622824058888,0.00893342095961486,0.019788606525355017,0.08595658561223993,-0.10389307951574356,0.0076704237446793225,-0.07419104755518113,0.5362134755442939,-0.4376259284384099,-0.02669285377945557,-0.19762999048336632,-0.004469109636540395,-0.006482767783695243,0.7146388591772327,-0.48123309393184016,-0.02229892145465458,0.23904842605923532,-0.34867199949830946,-0.04177258652832628,0.4045632800256148,0.0776455920946032,0.03921487860802902,0.01956059085142095,0.13445440990801946,-0.06137390674096738,0.28156367824745926,0.22658315729260736,-0.4033810574953366,0.07706325373129716,-0.0388843021575931,-0.10895322290355036,-0.8885370964109798,1.05026661509758,-0.07999054660919193,0.40215311700522444,-1.1880244664790756,-0.7699524789454893,5.3267031847202295,-1.0943480844151379,-3.1343394906479944,-0.5844693757511057,-3.122745839757795,5.036373159735193,5.072968305047496,2.156027519603102,-1.8214006483541239,-2.62069842142541,-1.0050428238570568,5.976882541359102,7.543670629354524,-19.892525525139316,1.6214575611457722,0.0
0.14340490479983606,-0.15997122687493354,0.7566098407759101,0.9959465729853062,0.013378155876911822,0.020445425744920694,0.08656461904419464,-0.10395240764935862,0.009693786606080623,-0.07493371914605926,0.5453585544661371,-0.4322985568350327,-0.0351874807817848,-0.19044612882427042,-0.006082876882504853,-0.01184490869635399,0.6893369866768999,-0.4491391356153704,-0.025713592537222364,0.26017228142601767,-0.37104029950908674,-0.04979384683302329,0.47422877395922314,-0.0004725967829026633,0.06920740910378967,0.0006670529433271226,0.09223425327689512,-0.013691531112583366,0.5270928672005062,0.31737013335191916,-0.45011050157924526,0.46323458776982057,-0.025886140802762685,-0.2635446213176168,-0.6572990279527391,-0.05309734902586949,-0.3326881706883733,0.9767414737791162,-1.2986923466208693,0.4269426928835617,1.4408283692148187,-2.4406200480496354,-0.9978619980254329,2.4144528282442024,1.1219572747223263,1.6268743718211607,1.582987065411162,9.251292344641517,-3.3782217589601187,10.950933528680153,9.026231813878681,5.543852231272625,61.3819570067359,-178.25707965030026,-21.385049255142153,0.0
0.1488574667077742,-0.16764975704923435,0.7560997572654947,0.9957816026940345,0.017749389009453963,0.020361338811139183,0.08768908032195118,-0.10524933833204356,0.012519772461947253,-0.07620561081430369,0.5600023402973876,-0.42132004188382194,-0.04554580618875221,-0.1755987110645319,-0.0055858659486983635,-0.020575495147920574,0.675137761887872,-0.46547273772018777,-0.03510362745787607,0.2808219630174118,-0.3934023111098688,-0.005890838547782354,0.4068860319716121,-0.06826991389793152,0.12446080584625348,-0.07525176714389055,0.18523981963538755,-0.06629396719296114,0.7902905796587485,0.7398765108556417,-0.5489635886607812,0.876288981546984,0.08268393054303011,-0.4675367113285631,-0.7875970436177095,-0.9979603983151096,-0.5311831639598195,0.7207756211182351,-0.9656662326631469,2.0799096998803814,-2.0307653095113283,-1.585803224595586,-2.950478292735966,1.5506694271980173,4.881587426156065,2.569335228500402,-0.9595387345150953,20.5933599573084,-1.9024517699989782,6.5893455960486484,7.029410182740918,3.3485686539180874,-5.775377391842506,5.72901499322131,-3.5232171688458687,0.0
0.15457889895817445,-0.17561636458530525,0.7565556733832263,0.9956124470577358,0.02159267190116224,0.01956004209712958,0.08892140651741169,-0.10726038683496761,0.016385408031540896,-0.07977084437432626,0.5779664209524692,-0.40125352243220086,-0.05879391087888297,-0.15927372884212562,-0.003890573439130395,-0.03288536016870998,0.6632577892127293,-0.4770197376633671,-0.0454639966848932,0.29140508661769504,-0.40138198016320453,0.04495001990089456,0.35375361119063975,-0.14758268716814013,0.11167562058765498,-0.059896806070148564,0.21201134075164363,-0.20203618821743416,0.877460155287307,1.2125654499860667,-0.6832096032201117,0.7546092523516464,0.1144133662636889,-0.6263620905518021,-0.4282786821596518,-0.22605763401613005,-0.5153591474279829,0.6384420917500793,-0.2590600102039524,2.294464828090406,-1.4939183706584513,-3.973018514627543,-4.250726746998426,7.996219769462494,2.5422708372845366,1.6634563693966773,-8.700782644426969,22.080448953308203,1.7483640287932656,-7.594008626943091,4.421433704247399,5.072631280928077,18.77195268202624,37.635580828891904,0.021188914231943287,0.0
0.1604816557367163,-0.18363418125018863,0.7577891205965146,0.9954693076451765,0.02509605974421784,0.017999930009105783,0.08992801477523395,-0.10720417493836258,0.020364512025923737,-0.08599565579748052,0.594031479547859,-0.37414009196369763,-0.07377090629745418,-0.14751724696736623,-0.001556728637182993,-0.0463884601863074,0.6621441821881948,-0.47328524528569116,-0.05556044400240048,0.3000826219454716,-0.3998999462950039,0.0746608886622098,0.31919747627028083,-0.21849929695384704,0.09913710785441164,0.09096045497242333,0.20392771131618287,-0.3353438144994718,0.6895790667488241,1.4719148684227548,-0.7264568661164654,0.4931215015647152,0.136292537661866,-0.6534154214773363,0.1793174303616351,0.47424698571378743,-0.5027140188264487,0.683242253909161,0.15683403365528656,1.3610228034732426,-1.3358405213366364,-4.1290075934332835,-2.2538123534076653,12.106494883504345,1.6587975955128818,2.214062986943047,-15.5689554011846,11.940935643297866,7.431515640056486,-7.280115911000941,3.033118293905849,5.866927066816227,20.671868842305997,28.000547617761942,-0.046177445757357084,0.0
0.1665377521328691,-0.19153217462137517,0.7593636262775183,0.9953631797265162,0.028337837538191215,0.01599569919528767,0.09051654553522762,-0.1032695348637596,0.024845467788760914,-0.0906805558569205,0.6045178450931067,-0.3472261496963977,-0.07878990572366429,-0.140360768632253,0.0017329259798657154,-0.05780319490005764,0.6707948395395307,-0.45937409800655293,-0.06487264604949483,0.30629887837872266,-0.3911821122020664,0.08160761326029554,0.29063548395710087,-0.23597487547735152,0.05207063050810362,0.2858905749823989,0.252080014696397,-0.1576799295474589,0.37901946204364156,1.316248643135647,-0.07421289281086889,0.2927236868680642,0.1903503844929358,-0.507904114853945,0.5608844207148541,0.8386594477167746,-0.4576874839418654,0.4569901571886541,0.3942274606580405,0.25978981771572357,-1.478254652168732,-0.9958831858646009,-1.5313286839181615,9.432659437010273,3.273668716382838,7.045220836407354,-15.690027854077837,0.11208164100284879,9.394491658753752,-3.997406574266602,2.8653219150336926,6.298588173937716,8.410283073253773,12.918984765228004,-0.22836705963883064,0.0
0.17267766149342206,-0.19922481552587257,0.7608481865714829,0.9952829501514471,0.031148007884681857,0.014053687098238662,0.09079727210435046,-0.09735589188681278,0.030358758805179516,-0.0917201042058067,0.6119290198707181,-0.3266651600270564,-0.06543701617165584,-0.13535385385211932,0.006792093570604025,-0.06547353949151365,0.6825061078318849,-0.4416643034942627,-0.07374972971588761,0.3083438251059339,-0.37975966352999535,0.06811037544866214,0.2393422311095594,-0.20306714935340156,0.03397808159747293,0.3123215425269604,0.30482889373367533,-0.010815806814240327,0.3173791678712212,0.9507617315211834,0.7681368738071422,0.23726611400446468,0.29295278666265967,-0.3224211978552055,0.5708888981953977,0.9036939931119357,-0.45240300805303413,0.18091864601787924,0.5433674183563254,-0.7037080653983077,-2.2758648317706727,1.7490151410955108,-0.18555159144943414,2.0882570115977654,2.930735692693474,1.9616887430560646,-7.763407214790846,-2.9061025835400134,-5.262785123669741,-0.2407483815296137,3.4896442943344974,4.335758641039711,-3.7623783091857788,0.3655507670370865,-1.8656030254977316,0.0
0.17877825041687434,-0.20655241731969456,0.7619643588554883,0.9952031450128048,0.03359426851520758,0.012579080494347987,0.09101588879676842,-0.09394969265173594,0.03394600936136542,-0.08916394061336672,0.6223796075266261,-0.32429821090986477,-0.04460918342592593,-0.13030751042074798,0.013598519908964872,-0.0687109568943848,0.6916813500763866,-0.4252211531113228,-0.08291750876183335,0.30358249388147834,-0.3549703777035305,0.04711166364068909,0.2275570706131284,-0.14303050387804223,0.026079759371848824,0.1038148906167516,0.052733373328572294,0.18475691391975643,0.5154071518718744,-0.04911575380523186,0.9365001572997843,0.270774135913621,0.35229255934943793,-0.08946309103874125,0.3704299262118278,0.7501738606740254,-0.4604970626772459,-0.0959176106101995,1.2733218130075958,-0.9070851267512777,-0.11648720613308514,2.6918158340288385,-0.5369412900872153,-4.756972129336876,-15.288340619992525,3.4019895514961,-9.877414119680706,-0.734424377982464,-19.43723711721539,2.0421947440324417,-0.10692473376313277,4.384772538698421,-9.08917519929124,-8.28393931215054,-0.006092780401104697,0.0
0.1847798899803725,-0.2133552096562876,0.7626942348545869,0.9951022996946157,0.03598458891518154,0.01159815140854492,0.0913345793606992,-0.09758347868811967,0.03291234799560158,-0.08144619843076284,0.6485484816860669,-0.3518765729433937,-0.027560164708264393,-0.12344354939112037,0.020985518686365286,-0.06844019666665811,0.6954233562051628,-0.41289117960505584,-0.09243484809536541,0.30131749697697213,-0.3265113986375714,0.03141605093715954,0.2425949440592287,-0.11296908385209577,0.028067993846290225,-0.24084770336414543,-0.17695844505131372,0.4649426574827466,1.4163883109331523,-1.4373949926161778,0.7117167157560159,0.4080586796577753,0.3525949673240875,0.06611944924645533,0.06733316622561383,0.5241556363662887,-0.4655759185887933,0.32787887687926337,1.583774465467468,-0.39411107346210733,2.203137319017214,-0.03371448107591324,-2.5045637012985655,3.1416799009337897,-16.68066845397995,2.4073052468398224,-17.77227180424832,26.470784285908273,-16.24244174899052,5.930407259059043,-3.6774985923406263,3.8904199141715767,-9.164176301238712,-8.649893901944353,2.211366021701546,0.0
0.1907504315639566,-0.21959670530598505,0.7631348192525997,0.9949804492796349,0.03852684681447741,0.010860172665168288,0.09171501663038001,-0.10779272218020632,0.02642201958271781,-0.07205863646713939,0.692284361977914,-0.3917362014100116,-0.016450415289121792,-0.11459358330307362,0.027728112124888807,-0.06655944197096393,0.6950779363158406,-0.404621344109321,-0.10146208628773541,0.3023519936187231,-0.29901193437964263,0.018750962101931896,0.2601794896506251,-0.10366378267416566,0.02581427011969966,-0.5024861547103532,-0.44552139700300136,0.4736208577414744,2.1600725133490593,-1.785977756133664,0.44610720333060955,0.4947306047885939,0.30859484997565567,0.11702400692056841,-0.0766289977533086,0.3504774880654933,-0.4325316115821458,0.7438409622006483,1.48041902487189,-0.13146761363930043,2.0186275592617333,-2.015853125290789,-3.4600903552461033,13.274366052889825,-13.502873895596801,-0.7145505236108601,-39.035235286752105,40.61264634715987,-10.710561075909986,6.317096640974787,-4.063852501407204,1.9632389102814267,-4.920656579237251,-4.891432559236692,2.239590230552306,0.0
0.19678578347654563,-0.22536089690046918,0.7633671185863561,0.9948294407987237,0.04108617567125096,0.01023606332475834,0.09231214923519236,-0.12185774318523591,0.01495972384035087,-0.06506971593836364,0.7442892224364719,-0.4296157399122844,-0.010589789707392742,-0.1041546971585142,0.03338406961081073,-0.065541801623975,0.6921346141574795,-0.3990536346485228,-0.1093177001859155,0.30690280312561175,-0.27859422407185835,0.009662697200378288,0.24846243733086665,-0.08766417077074802,0.059282671268028206,-0.6587451876953208,-0.6431836312800615,0.326619229699631,2.376907996816648,-1.6138582075399308,0.22348804338296593,0.5588546306336837,0.2638132465847584,0.035615264114620265,-0.18615097834095987,0.25368344829173184,-0.3763104193242489,0.8534640282445337,1.081355460254096,-0.015968715255528766,0.35162758259691274,-1.4796432117414955,-2.996494624521168,16.054869615748927,-5.705296887379266,1.1305157052958423,-56.0848555032935,38.495261941415066,-5.712029330256698,3.9394884739034937,-1.9286541485635178,0.32327800652347227,-2.0432185989767975,-0.30327382299501393,0.9125849249371001,0.0
0.2029229669503196,-0.2307884515130822,0.7634444666801207,0.9946444455024591,0.043388014615592635,0.009837147660636161,0.09329060909183122,-0.13841873671036886,0.0009329136901582737,-0.06042913256457814,0.7959058716441584,-0.46108586332484874,-0.008138297334963412,-0.09316924037792332,0.038667088203952545,-0.065868563545689,0.6877981401856795,-0.39447022841447704,-0.1161204978294462,0.3118829040968214,-0.26475671691904484,0.002495714586897294,0.21411346485151178,-0.05164449040986182,0.10114135212339788,-0.7868461640003618,-0.7115544484612086,0.23668273364025005,2.263497152738587,-1.3174556546402318,0.08687126419278773,0.556407278854062,0.26554812832908875,-0.02536080540220613,-0.22666962884117656,0.23871719724454865,-0.333708386405944,0.8218273369498204,0.7543631155212798,0.0186308811748436,-0.8265485147870177,-0.44250694237990107,-2.3909302424835612,14.167630393213017,1.0331238374251748,4.215840227907749,-60.78587142425815,31.64953642266707,-2.4999168200077295,0.9190086914662853,0.21820627753095917,0.6899003974849813,0.7443606812172389,3.0610729940694372,-0.4696603962938401,0.0
0.20917598332575071,-0.2359746383401191,0.7633989060950239,0.9944304331016918,0.04528752005959741,0.009769442350901106,0.0946663205379048,-0.15704058755181516,-0.013487812821359826,-0.05672341715368756,0.8425210232124682,-0.4858834723668372,-0.007384808702818715,-0.08281868817152564,0.044090282813626556,-0.06745876891907125,0.6835790464055994,-0.38947555569697645,-0.12218311583282959,0.3178767475557386,-0.2542105294111551,-0.0032570408632827583,0.17356375306674712,-0.009726231870888686,0.14050694437055739,-0.8975111925638783,-0.6971137828594254,0.20737946294471998,1.9938473786113302,-1.0312628248937912,0.021124082929871443,0.5041888269049066,0.2810266664421877,-0.08321569344194471,-0.19139978580496092,0.28072783567665927,-0.3002464119673731,0.8412290177885646,0.5885864202727153,0.03820058731413639,-1.2423963655062358,-0.13103010870893533,-1.9738018639469534,12.081835800939404,4.456138272257291,5.154280609089631,-57.98290161567443,24.655337598739465,-0.9308706747796511,-0.7235612451712332,1.4040993955500785,1.7539214857608085,3.1288330856413986,4.849768169669254,-0.7555814725064148,0.0
0.21558013774286008,-0.24095938655480012,0.7632566606946687,0.9941963980738173,0.04678136351888427,0.010030422461174084,0.09635567813892143,-0.17727209666675586,-0.027123377781756657,-0.05299149466612219,0.8821110712346417,-0.5049114786299528,-0.007130906118511878,-0.07376515450332835,0.049935407871347544,-0.06971877949552327,0.6807352313368853,-0.38326150038818996,-0.12759576072843057,0.32647678257713436,-0.24453766223851264,-0.007790216915718998,0.13747205801660498,0.024294617579813674,0.16837495257681787,-0.9760673019258014,-0.6457949438851797,0.21202978942370376,1.6589555338647428,-0.7895223873524893,0.00940975062157929,0.4371888852166215,0.30513694158855886,-0.10584118317431415,-0.10809745761466324,0.3507861293383844,-0.27077668748044587,0.9550293523689926,0.5478544394048229,0.04717900555386692,-1.1518934311581306,-0.6607671016169208,-1.7886171291401214,11.192476473705508,5.33238069307847,4.435770939911953,-51.674041670807895,18.646167712200686,-0.19812122075543398,-0.2989528512867136,1.6562540980147278,2.567372617477142,3.8278422566409134,5.316591875163188,-0.8669195430207884,0.0
0.22219475142697423,-0.24574842359427396,0.7630393927473035,0.9939504559905402,0.04793923234297574,0.010533188397987208,0.09825158004192486,-0.19853856998270855,-0.03954989279108808,-0.04884074707462524,0.9143157013408632,-0.5192079557246755,-0.006944228595778939,-0.06601591307651987,0.056184449370686396,-0.0722368850681854,0.6798058467263058,-0.37555991186201904,-0.13233807954536772,0.33835451868622796,-0.2347533586773036,-0.011259921220295451,0.10873292897583174,0.04817224487342815,0.18669673297953746,-1.02538951218158,-0.5845306101901794,0.22846314475089313,1.3286114566591234,-0.5917981296557268,0.008962698862769443,0.38023141906603275,0.322686005951406,-0.11624546931820899,-0.014926849684068638,0.42365721529027295,-0.23213560606237463,1.1142828209567788,0.543286256677193,0.0659717207702176,-0.9802854834419025,-1.2188161254301915,-1.4900597820962738,10.619525524398961,5.0945825723246045,3.036914788968093,-43.85558774757839,13.806477766788328,-0.0606174056257501,1.4942660126895602,1.3774713419194844,2.253294260574145,2.077100022139283,4.82283644582516,-0.5101900428930506,0.0
0.2290968978405381,-0.25033647119792646,0.7627691465558145,0.993697127112258,0.04883784430253265,0.011164726028511556,0.10028077295989413,-0.22023485991111344,-0.050722129960874655,-0.04421412440001459,0.9397281754414973,-0.5296976083500301,-0.006592025356274163,-0.05899874954897905,0.06259675540270286,-0.07525479553739627,0.6803451508577274,-0.36637658999658546,-0.13652015233683415,0.3542030086862647,-0.22451242065833513,-0.013728450435366473,0.08691858468488908,0.05971278483567369,0.19699489317472002,-1.0422238814059206,-0.5263908274290031,0.24650153728536509,1.0354219900996762,-0.43288306917738856,0.014845039580485683,0.35469826977013025,0.32493868754739397,-0.14875458948095124,0.049397422412207834,0.4963037496973167,-0.20454140627936496,1.2408389742126995,0.5674931527581006,0.05319667504771044,-0.6707968218793121,-1.5975502269086237,-1.666237132874572,10.19679554912548,4.250734341933549,1.8940556405819697,-35.87866182590848,9.954750399036968,-0.5742332152929167,2.144985736366691,0.8439363023547707,1.933296842660058,1.9661245702133319,4.592165978006936,-0.002444137185090095,0.0
0.23635895546118535,-0.2547139732371839,0.7624572140024557,0.9934417921636443,0.049559224634565746,0.011831153652500235,0.10235874481233465,-0.24179131699391257,-0.06082687435742998,-0.03917839496429326,0.9592307647885755,-0.5370310987405823,-0.005905893315884238,-0.05229173650525135,0.06906320470734874,-0.07879250640172931,0.6820768614332767,-0.3551848257736332,-0.14172224354724502,0.3735770674316085,-0.21387812356483496,-0.016083643930964783,0.07279411982993222,0.061714150169624636,0.20204915784754243,-1.0313795364606815,-0.48158981309572213,0.25903927148540706,0.7836110889677472,-0.2996485566745874,0.030902354307942498,0.3451284720871672,0.3487102815494423,-0.1271300523975497,0.10798953785913258,0.648983125841506,-0.40846339464538395,1.376034525740276,0.600859528502207,-0.0058750579406196025,-0.23970913245856834,-1.9368579484500406,-1.1453452374028508,9.837644965063477,2.7772397879611703,0.45451814028124005,-28.71436194155117,6.841649360006042,-0.8652137277714053,2.9244678253532603,2.922591025590883,7.796857106258773,2.1238435761046977,7.420747877080684,-7.609307923480612,0.0
0.24404795963806095,-0.2588709672786892,0.7621038802823346,0.9931817223771651,0.050185892212018184,0.012474045726578122,0.1044789009418689,-0.26269474482295146,-0.07009101510073015,-0.03371767907191226,0.9734197040581873,-0.5415997056020337,-0.004825505734446629,-0.04552891460688218,0.07568316313334734,-0.0822117646006212,0.684816316914187,-0.34182459033888685,-0.14825682542727317,0.39608038226696024,-0.20261159337144605,-0.018075560990482582,0.06506120111854773,0.06008424220453468,0.20623449102347807,-0.9955462210974891,-0.4438389395366888,0.28003819708661226,0.5491027736484215,-0.18173925074428748,0.04810216727889855,0.3557111335089131,0.32084433748817787,-0.18703177758913517,0.14959176341177235,0.6820756549656581,-0.25466494772917014,1.4798879444668174,0.5922353225697953,-0.007922441101003184,-0.23875957599627842,-1.8454284712978168,-1.3335510278103226,9.349453544906398,2.5167303747000482,0.16976025923218968,-22.816411025116945,4.026545492478479,-1.271689265007291,3.4347824968313687,-0.7064947270130101,-0.4294599388814617,0.8626623575919208,1.7672257071413753,7.815134035601811,0.0
0.2522273825303507,-0.26280855488669025,0.7617196405342073,0.9929244853594876,0.05073984940984387,0.013068565339116552,0.10656287653512299,-0.28246672967615805,-0.07857263618790356,-0.027748353334100008,0.9826453616389309,-0.5435807455043413,-0.0035406772686367096,-0.03838628088057868,0.0815736151504162,-0.08721946447509368,0.6881749045598703,-0.3280431279979416,-0.15075237227246216,0.4217683198094,-0.1921066535544733,-0.019744885866794147,0.056059859043978186,0.05608117073075163,0.19804344816288225,-0.9372824068321841,-0.4058229467244649,0.3018264265370795,0.3312108779623693,-0.06973144299523368,0.05539857805099539,0.3757361623727704,0.2882898588945983,-0.26350341679090156,0.17678215050042498,0.7106791901603268,-0.0628261849088949,1.581637193836625,0.5316263038613416,-0.050363964886342504,-0.44229900401049577,-1.6814605198817367,-1.7665296914276656,8.649631051635598,2.2010372093632387,-0.6810781393555851,-17.139773187688316,1.4609477821338557,-1.4831162762444847,3.227715304052596,0.29058270664389557,1.0558768941605625,0.7616052128156632,3.1434250132194075,5.3341071043748975,0.0
0.2609576448376945,-0.2665466886250651,0.7613015177970167,0.9926790447395193,0.051208289255580325,0.013612789937300697,0.10853901232586918,-0.30082453445043106,-0.08637877595267063,-0.0213918908197302,0.9871500282255734,-0.5440022376503721,-0.002171071229464166,-0.030619145889233156,0.08702501491514414,-0.09346079445701437,0.6916651177497767,-0.31318613033466397,-0.15105063433230542,0.45023497206648166,-0.1826522033098246,-0.021972879676304114,0.04648687651771365,0.05361355214309515,0.18693778896583785,-0.8725830396394564,-0.37774236677161577,0.3149151557025799,0.11967651478271218,-0.00411073653467614,0.05837585433638676,0.4084018720986713,0.27634512258157573,-0.3080352411313332,0.1762676498338787,0.7763398557168292,0.012161304841187551,1.6495425192051032,0.47028473829584816,-0.14126591455306758,-0.5465936396145246,-1.2775769110577466,-1.7172160489609472,7.022266946127881,1.444210725756491,-1.5836616527708975,-12.101570594446816,0.7528248930748782,-1.5679622514692686,2.927157356863231,1.426157331531201,3.150921645817201,0.5474345015223001,3.9129756997341545,3.424207487783327,0.0
0.2702843744913745,-0.2701069966926689,0.7608273307408429,0.9924459728516178,0.05158026133078749,0.014148579178950533,0.11040962511878542,-0.3179354522896936,-0.09364587597398129,-0.014580945473594334,0.9873989265404486,-0.542188937370306,-0.000765241488063511,-0.022064503913200324,0.0924609419746879,-0.10000020638961159,0.6949083829284795,-0.2972496425255656,-0.14901068615366375,0.48075014391796705,-0.1743458869749738,-0.025699603841275415,0.03593172599099483,0.05697318917795093,0.17861837548859003,-0.824403927784681,-0.3546807698211556,0.33833842890261395,-0.059922530622745315,0.09273312644103834,0.05941784985095911,0.44743543427156457,0.2846981632567623,-0.3054567817213088,0.1591874134183222,0.8276330750861982,0.13831463556948942,1.7033509041538337,0.40134294781435637,-0.2670522593964245,-0.6840539899699879,-0.7553623489418351,-1.340702003443739,4.821862805849035,0.7801041925002736,-1.9533907542254187,-6.832983950040701,-2.3766473135612314,-1.6304062978607536,2.543563009336925,2.330365346790169,4.499766678332095,0.3128293934572002,4.048096893871075,2.8807716593192736,0.0
0.28025094054096006,-0.2735075984592441,0.7602700498767891,0.9922213499364746,0.05186505878639281,0.01473075126088626,0.11220433759269097,-0.333898527360731,-0.10054652456754412,-0.006974064005688999,0.9830720693649474,-0.5375948894572846,0.0006065458910833252,-0.012643149061714386,0.0982789065600054,-0.10588174426979972,0.697634270938597,-0.28016839191236104,-0.14478888894014427,0.5134518848169995,-0.16676845493868117,-0.030806490592096412,0.028498369721469616,0.06591902066023779,0.17431534219364117,-0.7758972112778699,-0.344433983925488,0.38100382557556356,-0.28269585459090146,0.2196505258775736,0.05695243185982592,0.4887398448306942,0.30867865248807114,-0.26377146902895393,0.13076649846368538,0.8875185065810586,0.2357892525891037,1.7499938503225663,0.34619219673241863,-0.41323895381791487,-0.7060489668907539,-0.18787482934785404,-0.703967696914051,2.724833607008882,-0.3860998022667753,-2.3278075415775135,-3.10081568645768,-5.143229500181424,-1.6540650484113844,1.9599171748159392,2.598102197617245,4.366767537416674,0.3260803707168428,4.212313531002856,1.7016191167014079,0.0
0.2909011400330176,-0.27675943528184765,0.7595971647654525,0.9919961230968495,0.05209685066388273,0.015409537613636818,0.11398313937710439,-0.3486470208917802,-0.10740894404473271,0.0019140887066282529,0.9732467558003962,-0.5302718010807779,0.0017620044618636439,-0.0023814335597807925,0.10468245904174228,-0.11058095453895288,0.6997651584325072,-0.26169468054038786,-0.13907562330071085,0.5483573326665271,-0.1596623611362506,-0.037837146710933245,0.024984525870683356,0.07924659251857437,0.17820774000726852,-0.7245779746628813,-0.35389046934272994,0.44910666308108493,-0.5447957835204672,0.33596805870151464,0.04546054702661871,0.5269964308586349,0.3386514862509218,-0.2078011222746494,0.10285852554070585,0.960018030623374,0.30076902899165425,1.801761442000654,0.2944997503426724,-0.5957351678123736,-0.7696773865931226,0.30620498316474853,0.23131569188426598,0.47231873917485584,-1.923644623097489,-2.7696772418079605,1.7210123795101842,-8.044513152868062,-1.5390415415212804,1.2845920151969155,2.4699187443861015,2.9335148486150078,0.6869818275669908,4.3140121418647155,0.9485449978484896,0.0
0.30228095733631694,-0.2798653253963865,0.758767302663656,0.9917573765327496,0.05232411405281514,0.0162099717361709,0.11583060907108757,-0.36194192987009727,-0.11480230279505464,0.012502971902903627,0.957019136431321,-0.5205869964731021,0.0024701847768813065,0.008498568458682125,0.11164354396501337,-0.11403008106845207,0.7016983728705999,-0.24150077790868735,-0.13215583583171023,0.5857502260340465,-0.15258402252069303,-0.04712147086533613,0.026363877851099428,0.09307521043429233,0.191599644025097,-0.6562971141355977,-0.3964071227176873,0.5348593132508359,-0.8479909784590302,0.43351480481959714,0.023532447184693793,0.5510509337104249,0.3640441218103192,-0.15640764434175916,0.10430022508602055,1.0532519145071249,0.35630515678083524,1.8823388699237416,0.24421417993371328,-0.8022866608424813,-0.9260411496566912,0.5717428703553689,1.330821950840406,-1.385097957526264,-3.767575453028269,-3.5396915511377736,7.5611457666759865,-10.749885400389076,-1.2225598318347282,0.5163823772066165,2.1946282353348843,0.7370554544827884,1.6574724961595548,4.891963086797854,0.41627572400130486,0.0
0.3144466818824288,-0.282822525944451,0.7577366455994966,0.9914903037132919,0.05259637650533058,0.017107652945236633,0.11784704931282715,-0.3731534573947981,-0.12353474687989938,0.024968969266450758,0.9333082637322898,-0.5088944975488943,0.0027278219752517076,0.0195747661140709,0.11894748452913582,-0.11656763112320753,0.7043784569722955,-0.21900656666650173,-0.12373516572001007,0.6263157158913442,-0.14545769400852201,-0.05866649018476483,0.030657806739839123,0.10198786587017644,0.21670824558062338,-0.5489898616092546,-0.4806660360168327,0.6251854079816167,-1.20179542218687,0.514431939280777,0.008205875499829582,0.5518970253852357,0.37858505203149356,-0.12807301996252562,0.1603188206805392,1.1847533637131573,0.43033648939919655,2.008659856070703,0.1694069852788235,-1.023259768047299,-1.3522775072982267,0.5624481531679298,2.634628812087302,-2.6963719469351375,-5.428678263169077,-4.554302979528174,14.656777820586093,-13.28538128940525,-0.3108436340130854,-0.22950733759216746,2.216217424540993,-1.8444301130577783,2.938226379882591,6.49933042528737,-0.15908943763244662,0.0
0.3274697958434461,-0.28563713108096483,0.7564574505508361,0.9911793045287093,0.0529164524386027,0.018018645152642333,0.12016140712458712,-0.3812136275938649,-0.13444133968043634,0.03914709149521038,0.900899164014239,-0.4952717345238557,0.0027964870196952284,0.03025110623674356,0.126433352179601,-0.1187064354551957,0.7091914911133265,-0.1932428077896595,-0.11277378348574908,0.6708573671859117,-0.13914373511516062,-0.0728355702179908,0.029854476036690225,0.10107598291755161,0.2574766378403054,-0.38176280757356124,-0.6012920449587765,0.7018514021682666,-1.6083651409333337,0.593237928624763,0.000869542412943469,0.5212942001945798,0.39129760416293713,-0.12644780520337212,0.2891984301625026,1.3778364993809114,0.5596485001328357,2.183422057084771,0.02642322481146398,-1.2769074703102667,-2.306899926187189,0.3234825301889107,4.2482437291280055,-3.619700612231912,-6.150281897148004,-5.780526465788577,23.57583886974382,-15.86958482624863,-0.20376461136353405,-0.8952411079867142,3.1156734435012123,-4.482100805034919,4.047654157053072,9.612421989036585,-1.0571118392278482,0.0
0.34143718478216467,-0.288349428431922,0.7548569312860449,0.9908109871406128,0.053162098067986635,0.018796782288177594,0.12293925356071343,-0.3846463650784251,-0.14797842931456198,0.054388269640170205,0.8585821107201878,-0.4791843607215278,0.0027876709534002714,0.03978907139191326,0.13447045003669986,-0.12055646073875964,0.7177821132501505,-0.16287723822951614,-0.09712734635071436,0.7200516761127153,-0.13590743209867942,-0.09158077029357041,0.007807652068368098,0.08647515708587349,0.31808314294643864,-0.13540439952698385,-0.730291764604439,0.7380187469955579,-2.06392902046842,0.700148347423485,-0.001770902022257423,0.4530915785284934,0.43636488835006876,-0.12515891693228273,0.4982292505166808,1.6506188959640786,0.7990863147613261,2.389554702483931,-0.23092238522059205,-1.6369712824262594,-3.949493170820819,-0.05952537892401733,6.258673473903752,-4.317221305580038,-5.16661591864095,-7.337574269777966,34.6778977906007,-18.992692356917498,-0.14191090151707902,-1.397190532463015,5.18587435861206,-7.3677119366569634,4.35900866046185,14.284972559393667,-2.8062165488223814,0.0
0.35643082661986714,-0.291066782485458,0.7527655101673951,0.9903787576381594,0.0529962703143909,0.019249680498478867,0.12637547844643962,-0.381815287643645,-0.1638012959783348,0.06900977378511222,0.8054967320928723,-0.4572822975999066,0.0029077572054947375,0.04728140863571647,0.14456735309697347,-0.12115226771942271,0.7319061056006385,-0.12658042176371534,-0.07368478936279146,0.7729555970949504,-0.13992282746975113,-0.12198258517853532,-0.062409630165375964,0.05796774917953478,0.39879059883976076,0.19162026106969973,-0.8140337193247735,0.6708216925874033,-2.5414032149018144,0.9825519356468293,0.007092449677752743,0.33767492918859593,0.5899928338596508,-0.04619446043899515,0.7897786311387738,1.993598997162773,1.1894503484988732,2.5522824899953944,-0.6886502464894164,-2.3397054936745425,-6.909474364517085,-0.4351806671713293,8.42815012604698,-5.3173467920160356,-0.6994564054526672,-9.900073461671324,48.65016335521308,-24.833856546198387,-0.03330559598864603,-1.7357003200783998,10.204329382668517,-8.907709246771589,3.22039160431222,19.755406335491912,-6.260081919043905,0.0
0.3724621079298297,-0.2939894040537646,0.7497161019086761,0.9899326656467098,0.05179877422369678,0.01912258916689434,0.13032471391902553,-0.37078210429590674,-0.1802739508084628,0.0784490877240581,0.7403865905006566,-0.4130625793414787,0.00625264284910415,0.05122298855890807,0.1609100043957401,-0.11548692261183673,0.7544609705723656,-0.08418924047283399,-0.04006686381254428,0.8242325411737333,-0.15584530905837427,-0.18510584085022286,-0.20996181852540038,0.007209364790804536,0.44717273971008603,0.6236011829986309,-0.7726741286161816,0.31390609129435565,-3.0669992102495653,2.126187736734617,0.16852101330498728,0.14764820770567305,0.9682090301524786,0.26183126460678585,1.2340923323925594,2.2980509953313133,1.6631100433794972,2.4728640637533417,-1.3163086724154387,-4.042355778784472,-10.964177601589217,-1.1747200145521424,9.198796832121769,-5.78065788368432,9.421980245922514,-15.534680745077727,65.76068164931657,-43.8555384888725,-3.214485960509905,-0.9326744203061963,13.022364191406314,-21.001076698117036,0.83003351663409,19.810875186772645,-13.685985134597717,0.0
0.3890179705364452,-0.29743198341415705,0.7444300270633909,0.9899329739718395,0.04882267237339939,0.018616139950860353,0.1315389411502107,-0.3491904669857804,-0.19012493497319802,0.07066983122262022,0.667146407725007,-0.29425527577028726,0.037063007590065526,0.04226520742827251,0.1898504221865931,-0.0931331757479807,0.8009297273773922,-0.034871951611532004,-0.009099473887591676,0.8350496407384517,-0.19186084924538233,-0.3216220684401164,-0.38392569846530933,-0.01944903305589292,-0.015899643577526865,1.1849735124887684,0.1002859171792263,-0.42236489939914124,-1.8410441009037468,1.9069473923835223,3.29573689539516,-0.6605244320460218,1.5801503103514773,1.0773977433479756,2.684196708150586,2.6205050704972694,1.3854614016357003,0.8260955273679506,-1.9232386183420687,-3.764941053854663,-0.946635479797938,-0.9052640593698353,-4.50851240248694,5.050495071310372,77.05978786814389,28.125535262355715,322.5942397499965,-812.0568248301524,202.3110985407675,-5.346829719577416,-16.314585713081453,-54.582318276182306,2.209707383699854,16.997325804357878,-11.865060770261932,0.0
0.4049833568133076,-0.3011421068797086,0.739378380526478,0.9901351431311507,0.0471160819616573,0.01967106499098261,0.13048188517705728,-0.32419084970201834,-0.19134741156104038,0.04309182168132107,0.6530620620386974,-0.3393259084970773,0.07105439257269255,0.017340814663386953,0.202033518470885,-0.08565203755578732,0.8776256105721998,-0.15133506823560833,-0.0015412183587852678,0.7630497443553385,-0.17667992259006957,-0.1518855805075622,0.11707927022932202,0.2581654823899174,-0.04370996540909813,0.7130049043324385,-0.04636911125060252,-0.8843800069877523,0.39715662614852776,-2.6182357888447068,0.8675879046606588,-1.530646686514366,-0.26795247481251133,0.023199264359081692,3.102751534707145,-7.04481942947539,0.07380643991175156,-3.059742838350382,1.3259528062442123,12.565971559400095,32.0502832368126,11.148139026530353,9.733418412432222,-48.32940976076428,-2.7366296153848464,75.41674284823274,67.31981064832583,82.10664446586428,-75.5014274483246,-16.889818993298817,-92.63240961864844,-18.188961181130068,-128.34486129846536,80.69421329894814,-10.334425604735456,0.0
0.41971661786512815,-0.30504974531577317,0.7378383944034274,0.9899885809129827,0.04816943393339971,0.022939466190154034,0.13067553783071092,-0.3168091153563756,-0.1886289363947941,0.031910100759464204,0.6709843690297849,-0.3806046510748066,0.0774003629575334,-0.020301209467476745,0.19123448760507222,-0.08320361892723038,0.9343751153859738,-0.3047119045632398,0.0003313557513810664,0.7305566271052732,-0.2105866665418422,-0.018634270964903922,0.13869446133445823,0.28815258402474875,0.048900734420982445,0.4296132690163038,0.22961820898182675,-0.5089791998507858,0.7822472715158084,-1.605639678720801,0.02525083932731082,-1.944967187950466,-0.6911914618505238,0.22996452243370571,2.1630244337705262,-6.779469448208253,0.07888562204900913,0.18039195977193206,-1.7350652015125319,6.093640326547544,-3.232040544533154,-6.321450204061477,4.439712753011272,24.152438784408606,7.743387951734796,-7.1298241339948705,-37.654652900473764,48.837535112709666,-22.59170929711282,4.767530415347894,-11.989889890605882,12.707856411149487,-92.66257809127325,135.91898652641993,-2.3348451825471472,0.0
0.4341548027444745,-0.30974211175297206,0.7384090942964749,0.989773475430443,0.048554447447676306,0.025661655691343793,0.13165262015840448,-0.3066626122635752,-0.1831119649790623,0.01636707437779213,0.6828105459872735,-0.40302827122752405,0.0734310606850412,-0.06393291338609258,0.1765732430205729,-0.07466107008313569,0.9743966898098431,-0.4209773828780993,-0.0016927057386629276,0.7238911479294977,-0.25479858752164297,0.06615863288482736,0.0011450839198084532,0.21383703805287502,0.1373505295735179,0.6677361418605131,0.3220828978849976,-1.027343971175765,0.36432159667835184,-0.776406691622517,-0.34695787616910223,-2.2036881393537326,-0.7567554416932706,0.5310199748862543,1.5608816025508685,-4.822791719992285,-0.12442974065585016,0.792485229801528,-2.2848385186534883,3.983277185026441,-9.134954567517598,-8.854385713443152,6.3658354177934395,23.51070151474419,6.193657019144721,-29.055612296710212,-28.31480174935532,33.02531133482146,-14.19670147790547,7.959146143630981,-1.9396471267865179,7.02946554979216,-63.576253272716805,107.43450010182195,0.9931950549649913,0.0
0.44816033368717273,-0.31523668383969444,0.7401249705617113,0.9896231418260039,0.04775067863913091,0.028569882741429745,0.13247517371973208,-0.2950213584615986,-0.1769806787528936,-0.011116627718752846,0.686957187849476,-0.41289554692811475,0.06490787528140221,-0.11787333832967387,0.1581343217565018,-0.06162434600315676,1.0107040994195144,-0.5029722116589076,-0.002554584588379712,0.6931759468219636,-0.29177088922390804,0.10029837208162956,-0.10539559435637944,0.3179191465846209,0.024570726388931978,0.66828682585763,0.2900508548660773,-1.7725604028021806,-0.03986802971133147,-0.3914096857709401,-0.4577639335214658,-2.8632417937154013,-1.0156025481139865,0.7091567318487167,1.5860488988570642,-3.379641637264431,-0.015231220585308028,-0.037417320494619065,-2.037937207005896,1.491877029839377,-8.812358595529723,-1.9636901556075945,-3.2769048984220426,15.61661485915103,6.617226007640213,-28.420661582834267,-27.031161309015687,7.111074749518923,-6.589456347320186,-3.3703984471959028,-7.498246774962566,2.466929629034683,-50.78451411757348,77.13516411853153,1.2457343037630382,0.0
0.4617229638263512,-0.32140168189259427,0.7423109867554055,0.989601729261388,0.04595894423827951,0.03197828023357552,0.1324899335069546,-0.2840028863668795,-0.16930958701465326,-0.045280083813063074,0.6871857298433501,-0.4154187525959595,0.05405262713390236,-0.1798973856260806,0.13339590151903524,-0.046424024205047335,1.0412436779324468,-0.5616168869833663,0.005702585097291771,0.6761710692382058,-0.32288177697800663,0.11762455205682047,-0.17183719576477768,0.34587306454095545,-0.031788876418755774,0.5497855390817011,0.5142648290914329,-1.5754635666202137,0.020215450657599603,0.03848916120611488,-0.6111539796934362,-3.1049492884433096,-1.3756431213823506,0.7721743744638302,1.1727933644349016,-2.444490884625458,0.4200045352934807,0.5010056457434376,-1.6967680828536797,0.9337043735650287,-5.593703316105712,-5.379938615415577,0.25518073165716393,6.090701936459154,16.971864488392022,17.416018597815654,-0.512016202058781,14.309925725720056,-6.17438589467185,12.27847223489364,-11.97053946158461,-0.21517675498689298,-55.18039799479693,53.41291337505434,-8.316133666174451,0.0
0.475114206134237,-0.3281243263414887,0.744656889505161,0.9895685938773384,0.04375768659275499,0.03512086100900321,0.13268680415800507,-0.27761899738737456,-0.15763252170485623,-0.07266390604624248,0.6953384857522547,-0.40881303705086247,0.042249687269697335,-0.2420839829956352,0.10156561245683643,-0.030306497398880635,1.0586612317754538,-0.6015513780526628,0.01893396530580177,0.6736948799643743,-0.3473109601053629,0.11827836655142554,-0.19165149303720772,0.28862497120893416,0.02511191438272502,0.26927035045556164,0.6614345565732938,-1.210573298733433,0.5946389075070678,0.4985524208343291,-0.5921348825540469,-2.9727780665048544,-1.7176673848860127,0.8387404028106248,0.4963196539608662,-1.6450120052375399,0.6023412956177527,1.1540379097171303,-1.2889041769639689,0.1511515652734206,-2.5332898102247503,-9.440827813704606,3.1003610094038896,4.329479035205508,9.930851385717613,16.06805164628246,11.988512146903583,13.396436968469557,-1.2023235853911887,24.623761321400433,-9.640895941935069,4.147751369162311,-46.27871535109306,35.34837577699729,-12.914970840691039,0.0
0.48863411020702746,-0.3353117756126085,0.7469024464673543,0.9894833432808281,0.04158211489396373,0.037275708358161935,0.13343223994648942,-0.2755612805101233,-0.1434721960359381,-0.09302917710932189,0.7145738243712955,-0.3942927915214406,0.031200032008229673,-0.29901647983384566,0.06486322731028078,-0.01120009028136702,1.0608361466539702,-0.6276559743989399,0.030635062364180506,0.685514856150063,-0.3696370245612031,0.10785735040800856,-0.19445337265676843,0.17069832338645746,0.08011624967883571,0.099605350905319,0.7634597899320092,-0.8853561312509702,1.1185132257560397,0.848579774278863,-0.5593402240717781,-2.6589255629536357,-1.8914208364479923,1.0383034228297043,-0.18652420171868672,-1.0767230958914265,0.49085681360275685,1.6562794382712973,-1.2005181960147897,-0.4711826258041739,-1.3592796781004748,-11.437311770321612,2.218233695006034,9.545057187050453,7.566577321159601,12.426781535622377,7.216757032038336,8.808309952510108,-3.3130148857893644,27.116407778948147,-2.7344405409955117,7.83667103968664,-29.28285749861789,21.9043656779431,-11.814985336781442,0.0
0.5024617164399683,-0.3429823145467441,0.7488200975907557,0.9893818732526732,0.03950367649257069,0.038225299349048364,0.134542911044308,-0.2766041594575682,-0.12722846645729377,-0.1076282298681461,0.7438567859952439,-0.3734481698559311,0.0202897911962034,-0.3494507614847411,0.026904325422116297,0.012757267145112883,1.0503138851077938,-0.6425160502875447,0.038276428586506955,0.7033218650926316,-0.39504944121866414,0.08654432347005189,-0.2034672520774693,0.05331391845506285,0.10911267209095793,-0.03604918223914363,0.8701775835094958,-0.6250451505176551,1.5838594801977064,1.1358966022593338,-0.5728026397308311,-2.3478677984932093,-1.8853713848543443,1.282799518632152,-0.7112339835012532,-0.592325157790787,0.29863087763167917,1.8429211515179098,-1.341785289125982,-1.0155714939064566,-1.3358844375201369,-10.66418841486209,0.8383204024746108,11.175731723427573,7.991562247167483,9.92415947365402,2.6765665010511928,5.669559344341553,-4.696202478125964,23.30012108944984,3.16017999934124,5.274219674921881,-12.300207615288233,11.448840306672077,-8.382713733050378,0.0
0.5166617801681981,-0.35120373061351856,0.7501719586284755,0.9892793363047088,0.03745656193903036,0.038129008396551256,0.1359028309010456,-0.28114357600404644,-0.10797525687109584,-0.11530120160573822,0.7834263671363898,-0.3472569856337266,0.011169517428291325,-0.394065115114592,-0.009786255389815209,0.040986748956361854,1.0303848999993246,-0.647471897007834,0.04229136943711269,0.72298493442742,-0.42419590149275616,0.05291803967140647,-0.2149692785960643,-0.03915385935658658,0.13942170924344754,-0.22061348392660834,1.0599737601483044,-0.22094802844176956,2.0935973387922995,1.41061256475531,-0.5226479427075168,-2.0844698973376805,-1.7921381106498901,1.44911851901446,-1.084612723256329,-0.15775036577876989,0.14349230779056693,2.058777701843316,-1.619655664133955,-1.5849071521643805,-1.5413732316727453,-9.973614797980519,1.5381359144661209,11.913157396129503,20.034740916595737,25.735024768264317,-1.6194074168535542,18.916109275201396,-56.98918821773094,20.370735854453745,6.088748705929185,-1.6404915747778013,0.9562010326772592,2.2975052329699226,-5.199023725143064,0.0
0.5313101663256559,-0.35999721375272936,0.7506929576697264,0.9891143511264662,0.03544896392650503,0.03707630843139932,0.13791852198057586,-0.29039316191284925,-0.08505316942861575,-0.11474518694929225,0.8351611408816016,-0.3154440737425417,0.006695983813783022,-0.4307429668890373,-0.04416070423651025,0.07143342378968082,0.9949366566363775,-0.6394713370618547,0.04370225240154849,0.7463252312444345,-0.4508595215117117,0.003511998047853922,-0.21196254000133258,-0.12876924107572837,0.2265361640336273,-0.47120667107275216,1.1799028899784143,0.09460395046315942,2.719209017129523,1.664879058355417,-0.1127524889195446,-1.65009956915701,-1.677207938314157,1.5193332291341357,-1.9485613533692676,0.43722108423246125,0.035078990437238826,2.0420074427158497,-1.1813490689681503,-2.5023609943789102,1.4815376025575118,-9.435738625473507,1.9041678957449812,12.699607511497952,1.7189035287875856,-1.3166401517276856,-3.6512536379750777,1.7562928659506136,6.688088297152738,19.143302878924377,3.9663901612430297,-5.391488001622548,7.4748530487265334,-10.243404321136248,-2.8678209394891363,0.0
0.5465920112297794,-0.3690282775594937,0.7501481221741902,0.9887227094873354,0.033830533903031326,0.0348982059611727,0.14165102873099508,-0.3042079490983123,-0.06439612223914187,-0.11523442699615676,0.8993236051767255,-0.28009478775216223,0.01757513512887592,-0.44183963997984244,-0.07805149468971123,0.10037613569764545,0.8865348299855487,-0.5706342460025524,0.04991107041164573,0.7745215198185057,-0.4492518500073218,-0.06907657777301311,-0.13022947567421408,-0.21694644321415987,0.41624132825790866,-0.7287901468346021,0.870382831503927,-0.14667239328494266,3.3315007568693322,1.806834923206301,0.6478419001474094,-0.11369204422129263,-1.7132131181162698,1.439938270690982,-6.466241900079792,3.5772595452083915,0.2954840817191451,0.9538077620777611,0.4090705718038683,-5.6729028314242935,12.117902956477284,-4.440709152395904,-1.5022904429235864,7.134147255094538,-20.55664881689793,-13.944816195181879,-5.672224148317681,-4.173460600162985,-5.588637060331884,15.741088903575283,-1.6814740157973826,2.0267439410060684,7.600748856114244,-66.2855075655065,-7.816042759951483,0.0
0.5631645416221703,-0.377742484333049,0.7479368973071469,0.9882750381026888,0.03342252516456206,0.02921477129485309,0.1460886067184643,-0.3031526921746636,-0.04760073295721309,-0.12130609281859552,0.9554498452479828,-0.25834098910765346,0.035230310218828345,-0.42229345465603624,-0.11604412259743482,0.09196061495953947,0.7493124470091205,-0.32967291491012424,0.08814879373509417,0.8649783991597912,-0.45234477291714537,-0.11930269418499366,-0.25395861262565567,-0.7197628253142482,0.35603666819691904,0.620172818797779,1.0963188627367089,-0.3488618391780317,2.2779560581165583,0.7259287355681912,0.7329366832321222,1.07031750763646,-0.70212393987571,-1.4396399524758268,-1.7857972657945687,4.961169428469407,1.406703527864995,3.4676927092652834,-3.179102505843305,3.9381666559335717,-25.092489585640234,-12.989473440127782,-18.53982540023937,59.449592641301,45.23579186394788,-8.65021430582079,-74.80373971554909,-14.68484227008312,-18.254299673392783,21.796192642584018,220.18793904154813,-4.046945095828665,538.7271080104679,-1114.2524870036486,-186.8272662044146,0.0
0.5801794604354559,-0.38687255530469344,0.746618897922515,0.9881017683429014,0.03019120649475488,0.022101317160627628,0.1491808239278302,-0.28950179841613083,-0.024394138662226568,-0.12554815763025387,0.9849845036507979,-0.30633099515412127,0.0389059541793992,-0.3988528227471434,-0.1063239916868645,0.06296221339301922,0.761437064784789,-0.34127919795111933,0.08500172894386357,0.8290031026458802,-0.44553378598419335,-0.01154033195395557,-0.5304058338286476,-0.5484795830708575,0.3045224018826014,0.6438031768128349,1.0382782114619056,-0.14104659038910614,0.6306341616493556,-2.7818584023341497,0.04863474991581643,1.3218552513990898,0.967802198457621,-1.4450778313336903,1.0720521625797497,-2.4435458321205523,-0.8376268835952877,-3.05952647774563,1.9936453723574825,6.181574350936288,-7.877394793015623,13.061926524631062,-1.2119617447326672,-13.526635907496292,-25.78782707024872,2.8869844586409474,-80.18085331576025,30.0880257096319,-6.124874672080536,18.68631548913555,27.307893806254555,1.8206705283924378,-25.71321706691247,-60.004297576893634,-34.808584872940266,0.0
0.5957878230768291,-0.39506931711001236,0.7470190148578806,0.9879651007538462,0.026612547516296273,0.01748004146212856,0.1513643952771446,-0.28269500879976256,-0.007603264561682079,-0.11345973821669662,0.9912972859628292,-0.3805907963391751,0.03548294326844264,-0.37743535257784305,-0.0843962995308255,0.04404342408719683,0.7855745941332791,-0.38586309706854477,0.06621994097960143,0.7408852429176744,-0.37775099873017376,0.046718338473362334,-0.3319635522411158,-0.2752012785149233,0.1968346300741834,0.08518433425232863,0.506765077931432,0.9488963286822288,0.07961562493989205,-3.4499762674544256,-0.1991517503290686,0.9176276627536978,1.0723952910029473,-0.6791756733624441,1.1065232309406945,-1.7652464994747812,-0.921869636308889,-4.31373443316879,3.7074059438539333,2.924836265206435,10.950725691165585,12.960211920703056,-0.309412182527563,-28.437885291932844,-48.23256424717535,18.943193342080487,-20.97053946367343,62.00244461006315,1.40419069150953,-13.581705317211814,-9.990012491849471,20.887322213080886,-21.577180295699595,63.11914273727974,7.006841143091094,0.0
0.6099223569183727,-0.4019772870411017,0.7482381760054704,0.9878605224181561,0.024501368338341663,0.01496771729331209,0.15266708432502038,-0.28331617157167194,-0.0024693741498136436,-0.08901147093159753,0.9892981345853555,-0.43647634592285556,0.030326078087082032,-0.36369056031268177,-0.06385061169637904,0.03454453399678034,0.8094918056315182,-0.4066225073451431,0.04656918059218412,0.6810218858485341,-0.3185896673792611,0.07251688499306409,-0.18482732225261148,-0.16985887673530137,0.11554541508555327,-0.12336009673854811,-0.0374855264104422,1.2514154884696322,-0.18718476773300916,-2.2907271864622127,-0.2436092365725203,0.5719124517630342,0.9464509823004723,-0.3801072928871654,1.1671388242427498,-0.5172154975000207,-0.9437044366568381,-2.6595536056276488,2.955261633150992,1.2568422025820114,6.5223079478233235,4.064353187460603,0.3638030676169772,-9.99217388368693,-37.731934167964496,-9.847489489548662,-5.412959723631014,51.135880641346596,3.403686347305371,-7.5944072117102195,-11.338751610031453,5.793973290909335,-9.610509376989333,50.45085205090591,8.446748171055857,0.0
0.6231570489903764,-0.40784423504213085,0.7498642612568832,0.9877179874647908,0.02321937702190672,0.013109571375228377,0.15395511328817432,-0.28673477761924504,-0.007748333652399879,-0.06653230273241109,0.9857595534416729,-0.4757363878022705,0.0251261007574939,-0.35103457223765666,-0.046457151650810144,0.027147994604509288,0.8279021910211904,-0.40987017583250185,0.027532532901006386,0.6467030036061928,-0.27312819031360397,0.08758252378986899,-0.13506782973252118,-0.153523230691029,0.1528587783379776,-0.21152319290920696,-0.4712089933371784,0.9506085791171096,-0.1560186861846779,-1.63648536413021,-0.231792937877184,0.6835880088301923,0.7984523339804346,-0.37287587849690496,0.7303326183272073,0.07845112273344212,-0.897521185047741,-1.6040564203866545,2.1777461918044976,0.6229443144759446,2.111283126766154,0.7923490438431738,2.4812607308484282,-4.515515535175623,-23.03806984155634,-22.471301181024927,3.069409248752352,35.86039763485595,4.186511238265312,5.178175997414821,-7.8527072300516005,-0.6753610366691297,-19.440276328490647,23.11070482365036,8.6757466313483,0.0
0.6358297313482814,-0.41291261409034785,0.75166613157691,0.9874900851454619,0.02219324718550255,0.011331735854949208,0.15569965729340768,-0.2920576196846475,-0.019161217019130206,-0.05045005772105124,0.9857214256927584,-0.5062117919659229,0.021909203217582815,-0.33466475761690184,-0.031344479175373606,0.01988009967208411,0.8363834292198545,-0.4062994859612863,0.010138157220975877,0.6229553631810805,-0.23767889402574693,0.09166735242744548,-0.12457843469899985,-0.1537572583998249,0.19044933096121897,-0.29814566974395335,-0.648386900218804,0.6715915115906643,0.06917669638890447,-1.2968662783788438,-0.12953057281683814,0.8918454324834636,0.7191331040074203,-0.3527596888854068,0.23466107072242132,0.26285648876318,-0.8102543696898188,-1.178175004541202,1.7010010304528609,0.12318145163499311,0.7453828097147348,0.46464615976344614,0.41249646587853867,-2.530315724294298,-7.538300139628436,-14.682653854701996,4.104605845702448,28.002490552177846,2.5736424641489815,5.104573114247398,-3.8105408916619106,1.674350072960437,-16.079399073071873,9.529141555618887,8.02715616459055,0.0
0.6480742592499515,-0.4173506514987609,0.7534269731911447,0.9871969676903696,0.021196989458746245,0.009571022586745746,0.1578012362038668,-0.299550381996368,-0.03240077912016859,-0.03971362719136952,0.9918551574429364,-0.5286137214138966,0.020543100893413952,-0.31474980428782223,-0.017713442048636736,0.01247674532397869,0.8365371574628427,-0.4012013728068963,-0.005457350515509643,0.6036199283384888,-0.20895732338473508,0.08527313482858025,-0.12417269760885198,-0.15056286251188178,0.21431916027731954,-0.40033998214901695,-0.6576831895070214,0.448140602944162,0.37958217028854074,-0.9257467321486295,-0.05009627411067771,1.036427995133585,0.6580791171643983,-0.35556444611380367,-0.10845263803184363,0.2766648401568544,-0.7272381768600804,-0.9461258373842265,1.430365703748269,-0.30900998291531184,0.7674651112262213,0.5546527554586905,-1.668266859405675,-0.3021750853027739,1.8909287995368032,-8.079860946357659,-0.1080450974749807,21.515470988671822,1.0199284345006538,1.017637663088349,-2.055248969311953,3.5641153101240777,-7.495538506169927,4.4280093016324225,6.881244279291523,0.0
0.6599428131746761,-0.4212740894489748,0.7549845720334266,0.9868550000240244,0.020164254101539287,0.007953335619239579,0.16014791986359933,-0.30966066117940294,-0.04473944923002593,-0.033167785226364294,1.0045340135992056,-0.5435769937742477,0.01992150456050191,-0.2928922469188787,-0.00529033989951045,0.004675397452897806,0.8312967397428144,-0.3965725657465527,-0.019268521895052047,0.5855679358135487,-0.18511801119140986,0.07265279372571795,-0.12378015348555178,-0.12770810371676827,0.23164237088776402,-0.5334958098432879,-0.5647773248702417,0.2696643876853183,0.6685845844643039,-0.5988164151556267,-0.023981077288382825,1.0956345948649668,0.6027000958258697,-0.3704043896715055,-0.3173611082758243,0.23266540685801604,-0.6431134475432536,-0.8465166005310206,1.2664268343255802,-0.5388604381132628,1.2353762282970888,1.2365712755402942,-2.9701563919466207,0.7550551269031771,7.1161924513716235,-3.730476914297265,-7.493392949342887,15.106624343764004,0.46030895635350877,-3.0447608258822516,-1.3953009402789647,5.185453659908039,-0.8199509426395677,2.7744509709477883,5.886021441320454,0.0
0.6714602097072045,-0.42474644560513986,0.756255205101888,0.9864746838333217,0.019135217952489698,0.006639801618608758,0.1626574763861868,-0.32261701903986234,-0.05482884174231183,-0.02997612858832439,1.0222194004629206,-0.5531918286363163,0.019286205744871266,-0.27072406172056673,0.005940860527736846,-0.0035103155717195957,0.8233042102865767,-0.39283930889668595,-0.031357939800259166,0.5687285306308265,-0.1631736720398849,0.05735508299905081,-0.11270408180102816,-0.09383667477100328,0.2425454580108151,-0.6708582411736655,-0.4350636436055758,0.12181595074817876,0.8616930621820946,-0.3791071445912481,-0.028021266168728205,1.0820138180344998,0.5411283769292525,-0.3826194368061108,-0.40319250423059516,0.18626219289151305,-0.5624478299309473,-0.7452457181113971,1.233181826031497,-0.6132765605746834,2.0251083761197908,1.4372561221487952,-3.7889633469633432,2.051445570428345,8.96532017782079,-0.9921303385845548,-15.0918205067563,10.098163042483902,0.5838267860649161,-5.711949438345706,-1.6251729509530188,6.518862233084887,4.339649263258405,2.449627503062353,4.989408898357137,0.0
0.6826669286008458,-0.42778600158913527,0.7572168826920174,0.986069809344349,0.01821239771493776,0.005679033213636611,0.16523434343631202,-0.3380718858493263,-0.062069092081444156,-0.02913271298258034,1.0424095065402916,-0.5593317917988552,0.01822989701645729,-0.24938795402387176,0.015811767187125063,-0.012072734221638506,0.8147642168016528,-0.38974187601757454,-0.04189340134790681,0.5544860242131625,-0.14148365272488672,0.04200358338615504,-0.0917576675953305,-0.0632027690988623,0.24606436866286985,-0.782572291710593,-0.29117703247459725,0.016573757853640993,0.9336047265737097,-0.2397230345647632,-0.049167720826813845,1.0266329612255498,0.46855936980757595,-0.400586336273406,-0.39308405810503544,0.16017471418606655,-0.49198208229196827,-0.58421985050835,1.2610738983232053,-0.5877315692631186,2.5775539768130193,0.9886849737951899,-4.054315172183585,3.6885252795267105,8.532264504355071,-0.4258660605479896,-20.541566510881005,6.634154693348084,0.98346627523811,-6.514652068701116,-2.118061838820091,6.963953815092407,7.670049143370656,2.6084978621508514,4.015563794528661,0.0
0.6936240292397121,-0.430387332765783,0.75788673106912,0.9856545314762757,0.017490125980933822,0.005020487467497346,0.16779164096891713,-0.3553360240308934,-0.06634107580015482,-0.02971778491309882,1.0626100201412747,-0.5631456729747135,0.016561306577628925,-0.2294405298452404,0.024149889180466018,-0.02105047554691797,0.8072332280276734,-0.38685025465794326,-0.05111081094614198,0.5435606070151798,-0.11924145712500518,0.02804292969026748,-0.06399177675227309,-0.04151253090757346,0.24051647176923013,-0.8589343669260097,-0.14100470922349115,-0.02773777111726866,0.896288540023352,-0.14630011918345415,-0.07643439190971145,0.9539499587606517,0.3889706550642462,-0.42021387095402246,-0.3199864217337964,0.15519216906592823,-0.431028464580456,-0.400284165103375,1.31205252483935,-0.5159107464068742,2.896692556659458,0.34160720718814425,-4.292787900436175,5.044404947533616,8.404277599950387,2.2903258044850725,-23.19983349951212,4.1791507246276485,1.5781931992478841,-6.197013420186293,-2.4668814860742527,7.241951220752585,9.348615009784586,2.6337777335047488,3.481908838100652,0.0
0.7044028514319891,-0.4325300486352012,0.7583021509898074,0.9852397403618902,0.01704504295859107,0.004577728190750384,0.170267921015045,-0.3736518446063937,-0.06799867983075665,-0.031086382937822468,1.0807647134703413,-0.5651845363069902,0.014234341619528308,-0.2109464670809827,0.03084080119828857,-0.03039156507658098,0.8015336639083859,-0.3838918042150844,-0.0591823039148702,0.5362731269510683,-0.09568027599785768,0.01615139029709536,-0.031069767429937518,-0.02984748003932583,0.2333131966862919,-0.900077425698772,-0.0327574689787027,-0.07195276757508198,0.773839954823133,-0.07319259104973784,-0.1056582462699939,0.8873060750809721,0.3036406360258988,-0.43795779559472175,-0.22139910482432565,0.15908114568823317,-0.37639405241078916,-0.22435052014755863,1.4138076505023434,-0.4339248679898929,3.2108197088958095,-0.2569167834725459,-3.84818127271905,5.839261068637856,4.440492980012854,0.17408870970789883,-23.275081678206885,2.2782394531675685,2.1661446690807606,-5.029632070303586,-3.1054541498735038,7.181305125001086,9.550410805964551,2.1270003625728706,3.312745514948775,0.0
0.7150775460672777,-0.43418011239193766,0.7585082255006262,0.9848290231993511,0.016947530881023878,0.004264059642284551,0.17264528391072587,-0.3923114727593141,-0.06796873627931563,-0.03302846400730718,1.0953718225408815,-0.5657773947561894,0.011357636742570771,-0.19361140237107505,0.03578919628677254,-0.03994777687517247,0.7978538925878497,-0.3808017178542822,-0.0662272104753435,0.5326998950455409,-0.07043698810889207,0.006510996622293528,0.005395545397302857,-0.02701982352184751,0.22447158453204716,-0.9092313478470504,0.03339140307915382,-0.09225073729777256,0.5922499104580837,-0.013505169950503113,-0.128960333379173,0.8396188785035659,0.21697232520636697,-0.446263515253313,-0.12437054966729227,0.16501146437554798,-0.3274841198746012,-0.03555096726859392,1.4338628448384114,-0.3632049633705305,2.8381202466192472,-0.6647847540435772,-3.6746543698099075,6.009598841542548,3.833405859675766,2.2038655652275474,-21.110597500981086,0.7973858872758361,2.70810626545486,-3.666094550082704,-2.5921633899512733,7.311152639550699,8.604551903405786,2.0647303448725087,2.964017956803489,0.0
0.725726006211972,-0.4353135893081146,0.7585489309865265,0.9844272222669977,0.0172013803130475,0.004001814100741584,0.17490323627340756,-0.4107168412790638,-0.06674933575378532,-0.03470708120261482,1.1055159899816571,-0.5658000989072139,0.008126305759810796,-0.17697571769450335,0.03910873830138059,-0.04950821824523816,0.7959358630164193,-0.37750584654858743,-0.07237431108507306,0.5330753794434223,-0.044334984450603694,-0.0010040936292144646,0.03856804918157719,-0.03068286007254484,0.2139218733330981,-0.8915907162013297,0.08357085348606737,-0.06227475202618286,0.3761493327916115,0.003096703295346462,-0.14391966492091549,0.816503571718311,0.13929741169381318,-0.4448221257649939,-0.047520492099126475,0.1757156815662743,-0.28473688911359923,0.15737612928618128,1.453839893905533,-0.29181911076137607,2.4376510651333247,-0.9390020078587681,-3.163708343121073,5.834416471343954,2.3235679907857545,2.9787712165154825,-17.725234109685587,0.15594026979839365,2.954503829579652,-1.7642500616193868,-2.1697662224955216,7.097927000306888,6.362686291104323,1.6631623421412065,2.775245699918761,0.0
0.7364240893112801,-0.43591341341095824,0.7584622862625113,0.9840359296191882,0.017785327338355167,0.003737506705033619,0.17703955036544083,-0.42842411812643577,-0.06482207033550275,-0.03536193155340155,1.1107340552596967,-0.5642545745743899,0.004699551380478099,-0.16057186995207987,0.040996170593775604,-0.05880783833152139,0.7953429267754041,-0.3739127517206236,-0.07769713810338787,0.5372076237209741,-0.01743586035763982,-0.006865408753531468,0.06779808330904068,-0.038147389263514825,0.2056416967399103,-0.8548167130483612,0.10019277577520917,-0.01214057624919936,0.14795446816553318,0.0792033593712653,-0.15265181781360304,0.8175001372058601,0.07275014245976417,-0.4305925569275871,0.003320487724628552,0.190110896769067,-0.24488627124486598,0.32008350435615057,1.4606539087394155,-0.27444091026821377,1.932020754666291,-0.9680186046669833,-2.4938077503460274,5.148972323522369,-0.3335542618624128,1.4805139587858405,-13.048356510407494,-1.948633434121133,2.9892745758082713,-0.6838457360487092,-1.6174234280483333,6.7940960447198915,5.008757676433329,1.678643108908228,2.633655088136727,0.0
0.7472456829525576,-0.43597292482443245,0.7582722515158363,0.9836447172007473,0.018629427904411088,0.0034378778284654696,0.17912061783907787,-0.44519430202716104,-0.0630583290975026,-0.03521106628999047,1.1111856388419894,-0.5603581630786475,0.0011578826580237117,-0.14393630770921223,0.04177017941278503,-0.06763281663319438,0.7954963066812638,-0.36992413143447883,-0.08225846927719555,0.5447932569152218,0.009355829436395017,-0.012020105729499934,0.08732373505850169,-0.04533650491798313,0.20414000407276206,-0.8124846275073264,0.07669980873253816,0.023385182824367808,-0.05909274682688043,0.18795094593480166,-0.15679209378662273,0.8338175672756377,0.025691117572722896,-0.40604654751399993,0.032950623027543355,0.214220217274122,-0.2088101514519022,0.4547551740105753,1.419600379354189,-0.30715046113253924,1.2454290313055523,-0.744318186823332,-2.0924450518122866,3.9443760207787433,-1.5184240572907446,1.6173770678928727,-7.664953156888036,-4.18268726378329,3.1529360167708718,-0.6337935450720718,-0.7278332450620671,6.53139748743312,4.720044985419868,2.3116170468674677,2.3865627552557287,0.0
0.7582592336135358,-0.43550023042817504,0.7579919009745536,0.9832526269854543,0.0196285316432446,0.003101723676759723,0.18116117570265033,-0.46082242205696267,-0.06169633256199509,-0.033659326918863586,1.1067632937045935,-0.5539019574821882,-0.0023924725712170278,-0.1268446921238521,0.04192638283078513,-0.07559869254244006,0.7959932411965,-0.3652814654225636,-0.08613150652606118,0.5556695142465177,0.035731904860129116,-0.016628337660587945,0.09698563313320335,-0.04938741821744861,0.20195791868005925,-0.7569346560616544,0.05201137529987355,0.1071776889407486,-0.29342899274510514,0.3006050872674537,-0.15752287069346912,0.8569395235468465,0.0021597972570029755,-0.3635504865677895,0.04615024127526816,0.2534169415114093,-0.17642526678030526,0.5761968828773005,1.3846708922628874,-0.35877217806161654,0.6122989698557143,-0.3714123852253993,-1.6030960148958282,2.776399344450196,-2.5689952680472183,2.0076698356359577,-3.743066533389716,-6.783980262749718,3.04784251543961,-0.7895327857049599,-0.24503517083702614,5.472777751414557,4.47110623575738,2.9108726561793925,2.1083528898487636,0.0
0.769525431256091,-0.43449772685277266,0.7576212927485924,0.9828553272591158,0.02069940646098448,0.0027512230253374055,0.18319216965363005,-0.4751241736650557,-0.06100556553107092,-0.030061980351319854,1.0971215214858197,-0.544728413112679,-0.006003649183047583,-0.10922573696114282,0.041757951992298904,-0.08260950629626593,0.7966305250993964,-0.359722667286521,-0.08939484459712724,0.5695464098461926,0.06185377146976807,-0.021709817112244983,0.09801176999711926,-0.049385361181478335,0.20452041593731096,-0.6963312576311633,0.013368433289279256,0.21604233976378678,-0.5324078432519328,0.42039440837837305,-0.1613963660767723,0.8824679028928619,-0.005800819058986477,-0.3181633664699411,0.05072457575174938,0.30496511369302765,-0.14957884731372756,0.7082440269147908,1.2992574322908839,-0.4601718765240566,-0.3296096475461253,0.038347475065176787,-1.1643375802493525,1.2133832167969496,-2.177605175599668,2.985598325845686,1.356994711767101,-9.552561366555828,3.0294303268734617,-1.0550826901247363,0.7849091772608372,4.438530023129662,4.237438179550632,3.628229091804313,1.587563944875162,0.0
0.781102356911761,-0.43297238083894746,0.7571424983389041,0.9824476358329756,0.021746730548248026,0.0024116526705417877,0.18525092844046626,-0.48800288653896834,-0.0611782980422386,-0.023941241923359953,1.082262796247695,-0.5327208498888347,-0.009749057164741875,-0.09114032176947288,0.041558138131239854,-0.08866068979418015,0.7974110697740799,-0.35293076560554393,-0.09216349967486782,0.5862602821977936,0.08783932375756687,-0.027974682580488176,0.09156864928126063,-0.04532097375659764,0.21154391986123713,-0.6303035275602608,-0.04116083689124806,0.3380670545891874,-0.7690820348471223,0.5452510846238481,-0.16889554219352215,0.9028772439460718,-0.004010555769768016,-0.27873756460412774,0.06061734400768093,0.3725011609577494,-0.12761223852852518,0.8230922372290463,1.2969736828398868,-0.5890573956355091,-0.7764907834709136,0.37637778418985535,-0.27445806012806895,-0.21999084820467268,-5.114936158434007,0.0981616269743677,6.551451849702028,-12.3520305835257,2.9924961139950583,-1.3354589168212718,0.816307179003627,2.8078902273329147,4.507184882524758,3.9518993600375745,1.3136775081984946,0.0
0.7930441325493858,-0.43091711220194934,0.7565271524163094,0.982019792281901,0.022720876808889033,0.0021060269099864356,0.18739384721570243,-0.4992656607717001,-0.06286801192556936,-0.015422645085235782,1.0621286235643173,-0.5177509565794013,-0.013709740556943422,-0.07276776067573916,0.041424540087143795,-0.09387202593426512,0.7986327598358244,-0.34454822163361387,-0.09452524442969121,0.6056861368129602,0.11448524507896556,-0.035833094207008205,0.08244686643922916,-0.03879327283631773,0.2246609274486817,-0.551957549236103,-0.13665679742178177,0.4442509917510446,-1.0099715434989007,0.6752723363988627,-0.1793970898263705,0.9134350457858319,0.0009417417919416293,-0.24340464910446744,0.08941840431879292,0.4584394574916896,-0.1100718284781979,0.9571619281896236,1.2754059476121702,-0.7397165260718062,-1.3585148154350188,0.6312071976468457,0.37515568912066943,-1.4707129204206129,-6.8854838674793815,-1.8638391484302392,11.914854745005817,-15.40069228537699,3.118394971554987,-1.6668703689124003,1.4679973821009877,2.0173638322439187,4.908594381199596,4.556219697179605,0.8190161041679664,0.0
0.805407874980624,-0.42831836970428055,0.7557410503562374,0.9815610234504679,0.02359246710033148,0.0018384552624512982,0.1896786040154201,-0.5085186408988961,-0.06682439355895298,-0.004810194069005248,1.0363721722184878,-0.49961979397144257,-0.017901550831994864,-0.05433993735383867,0.04137983926963825,-0.09841810128363625,0.8007889350562605,-0.3340994331662226,-0.09655063910386263,0.628173260766355,0.14162499705437878,-0.04557865563282936,0.0691390042913162,-0.03221766568519858,0.2428605422010928,-0.45056660292026157,-0.26020651936772465,0.5411391380317816,-1.2706045059019357,0.813960265027319,-0.1900985944234082,0.9122054193428218,0.009062225021479128,-0.21751305319293224,0.14473118862293285,0.5720766883769544,-0.09681350942367577,1.1158093469793013,1.2321884045249887,-0.914164347916793,-2.1066963296103465,0.771908125293504,0.9701362334098134,-2.5260103718192104,-7.555009937000623,-3.1275697361793346,17.502306209827175,-18.704368188727692,3.2611424131840323,-1.9176171582302222,2.320152935309269,1.0210927699267955,5.341942664450367,5.48900961468046,0.23763988868039565,0.0
0.818259528861619,-0.42517075853713204,0.7547385287452226,0.9810612772298194,0.024304561598769803,0.001577295702819148,0.19216027358419654,-0.5150552250583599,-0.07358277557600339,0.007462035845900515,1.0040544352346017,-0.47767499722267803,-0.022171956716394704,-0.03612920714185633,0.04150168724182238,-0.10257982862066813,0.8045469830785764,-0.32089995899061086,-0.09825244842659882,0.6541875349260321,0.16869614527708965,-0.05811369759153049,0.0470064786206442,-0.02881365832126462,0.2672155275359882,-0.30924692872154147,-0.4045861678107629,0.6112740564761815,-1.5827267789114317,0.9844862116030696,-0.19257801194504615,0.8971203782085269,0.024698991671802416,-0.20730266410814716,0.23590706646252202,0.7241309625814817,-0.08507183275918008,1.300189129019114,1.1445151584842947,-1.1552179931509128,-3.19160452787367,0.7901518011804985,1.6368589896980041,-3.4443007160895145,-7.283696014539998,-4.557498138974166,23.693673871449047,-22.72375881932065,3.303517132582563,-2.1037113853076748,3.670141598271134,-0.15076835266399358,5.834237182566264,6.7775028454348645,-0.6082134264997885,0.0
0.8316756834887963,-0.4214933394459961,0.7534384029511779,0.9805059799698748,0.024728346367801395,0.0012380476611121437,0.1949230601217268,-0.5174936063383838,-0.0836431921286109,0.020076714140307438,0.9624110205571306,-0.44960301533186264,-0.025999754442524586,-0.018479647830192392,0.042260647240048445,-0.10634583619097436,0.8108644163426133,-0.3040891329555114,-0.09935684645874865,0.6843267572748245,0.19370785030820709,-0.07628657951608507,0.004158469286923162,-0.03235810875498796,0.30368867813351347,-0.08911582014073144,-0.5661669338431045,0.5982473245279969,-2.0534998062688037,1.2692346620080952,-0.16859353683450856,0.8635359543955682,0.08376006930127036,-0.17862148839369446,0.38138380620998313,0.9222327465194853,-0.05871426879329678,1.5137175557579088,0.9180510827893065,-1.6032698184379233,-5.0256378432800615,0.7121661375503099,2.843425938742693,-4.302723461618007,-5.546978073268548,-6.727305222229358,30.88325195671628,-29.14618080975965,2.9922110592355424,-2.3236849494795155,7.354356395644037,0.5712300484804864,6.787869531735216,8.270790287686719,-2.0332734714509155,0.0
0.845748425571922,-0.41740176830744846,0.7516433848321498,0.9798543105160494,0.024501157235104157,0.0006383629513759433,0.19820397561603065,-0.5127086826247086,-0.09744874580330673,0.029323720363678897,0.9030332764456995,-0.40638935520205344,-0.028326407051179923,-0.0020187565430630963,0.04596321480144412,-0.10755411434029818,0.82157860088338,-0.2827612692460308,-0.09889315396041115,0.7192959508765989,0.20915128870869143,-0.10941367177320357,-0.09866342341196066,-0.04590630409058406,0.38145468215257555,0.30621269407505874,-0.7273072086655101,0.3546323426663409,-3.0024973105601394,2.006302826747003,-0.09173810684074961,0.7928407644898231,0.30758713404567334,-0.01647482383765651,0.6329140047165969,1.1641961524225801,0.015906580401067863,1.7334131437783353,0.22869048019210103,-2.7096752921013447,-9.540465184156648,0.8395842402609239,6.381802947068611,-6.091077168126449,0.5910354105031437,-10.65339776166608,41.597228019357956,-44.48624182723763,2.0347631959747003,-2.8965850878424373,16.209636901105192,1.9751178609119289,8.352815384049597,9.093225011334384,-2.8120565703587475,0.0
0.8606358799112188,-0.4131854740216784,0.748781310764911,0.9791424149569753,0.02287191763631294,-0.0008821936848457909,0.20188171871212576,-0.4957240078940798,-0.11269500472747923,0.0296575822216091,0.8181456357507375,-0.317962605769936,-0.028919961428631794,0.012846088051115713,0.06012180442411169,-0.09614569501753353,0.8402924307669978,-0.2574767012129221,-0.09434002773580989,0.7646628743364006,0.2071035131464287,-0.18241700646027958,-0.30561195978775896,-0.14114422696974346,0.4236619100929133,0.9955750081411312,-0.6893404746632233,-0.18154621223542222,-4.189063716079192,4.278662104995511,-0.0069177665649338745,0.7409108037918484,0.9866739124317516,0.7290867318685094,1.069928286898133,1.3547726187281064,0.10174203875090088,2.1619832620462494,-0.6765613096570106,-5.012408778947002,-15.228181726924893,-2.2636816254247965,8.634472181969208,-4.022596420859866,14.45460162465347,-14.339298508186019,70.99213072819664,-84.62020563596997,1.1604837327944457,2.2215540113354084,23.427041712848023,-8.273047608305552,7.577190785603535,3.019850106637241,-10.069929490195808,0.0
0.8764757789546538,-0.40909848694519546,0.743988793992027,0.9787996067469033,0.019436894504712088,-0.004411132077401363,0.20384817604755823,-0.4606096534551175,-0.12131795922635848,0.017536738469851598,0.7194720413904188,-0.18102603450247254,-0.006364510633733613,0.026982775110930047,0.08680830390051167,-0.07016807730948414,0.870622485823882,-0.23604703458081197,-0.07407880110878445,0.8069158254100269,0.19370237336642052,-0.2822642991811114,-0.4930224770515926,-0.32290766414162664,0.14825771868674797,1.8329133258515584,-0.02610308407762968,-0.5527975224736695,-2.6318853685591685,1.8849228291854234,2.883148901990105,0.7046310455506182,1.4278936882361015,1.192217395162118,1.6551722763846175,1.0262469657191748,1.0772671116174453,0.2428022593378357,-1.3576108183004447,-2.066011749928048,-1.182624917228524,1.1821212136215058,4.672994175171461,-21.87405914724541,44.8568987198225,32.537392046774386,421.5824725485957,-910.1803870896891,227.97922703949277,-2.5944712396070178,-17.48473607971512,-53.06201969689573,-1.983382829326886,6.036827093856395,-7.849302008606049,0.0
0.8918540153738904,-0.40517755750756373,0.7391355325785648,0.9785464062543882,0.017591547137729244,-0.007197717848909964,0.20514790063193658,-0.42850369651206377,-0.1255898316514483,8.788057988137299e-05,0.7097224231336379,-0.23659386721030592,0.032112426559004946,0.03936979260562041,0.10127653213595746,-0.055969812785152985,0.8982147770636469,-0.26137153110775235,-0.0500131363344091,0.7145485516054115,0.19780176335022176,-0.1760913519370612,0.07411981566263366,-0.07097097981029542,0.22426202254897465,0.7850660221985377,-0.3958655242383794,-0.4916952560706022,1.0713726070350584,-3.227676536281356,1.4622525085768674,0.3996910659515103,-0.008635171901482053,0.41098306617410363,0.6022293661665644,-1.7172218626727755,1.015405759015112,-6.372670946190311,0.5194114294679604,8.661628275310452,38.379382380890746,18.337286701638188,6.786443883145707,-83.60748781488462,-23.633415800397703,55.963604458589266,106.08292436458362,86.90492743387827,-61.97182859049131,-31.793435536543157,-82.89100276562978,-15.831124934437412,-91.93485612504904,3.163667987692233,-23.70082753588222,0.0
0.9051853303828453,-0.4019284008021927,0.7370491109772896,0.9781137159608104,0.01873577128053962,-0.006243181513254472,0.20713172670658506,-0.42253333115770275,-0.13131552949900116,-0.005393053075932902,0.7402396454355192,-0.2868608576824472,0.05031946254327137,0.03736863307205995,0.10064064939435849,-0.04424642948243036,0.9061476748761549,-0.352733356597474,-0.03721057411971265,0.6361251897478649,0.137176264000055,-0.04771395943440575,0.1688730393281537,0.15023301109206352,0.14788926316388767,0.2242584097753645,-0.2083128269889533,-0.16995547687353904,1.3597922908134674,-1.9617875994257616,0.5835371086305867,-0.4490196300126642,-0.08138124533131139,0.6497655801235109,0.11556279869603334,-4.627770719518024,0.47564366920866813,-2.8543384425776415,-2.609123139669094,5.961670897246506,2.889136873055423,6.054732227006309,-7.706621401444915,9.373524747415853,8.330032757373862,7.4582557535207545,-46.118711690895665,56.15160997401738,-28.29699701674522,-35.71852694043627,-7.872038075768903,0.198321806273266,-29.822544799413407,70.59891530833805,-12.7477092852504,0.0
0.917416001522943,-0.40005930922820004,0.7368910367270467,0.9777976255684672,0.01892603606546945,-0.003921570836073024,0.20865816512586843,-0.41811803816829396,-0.13241664897436767,-0.011529084456162547,0.7615816969805217,-0.318401540423604,0.05621236892695547,0.019830265272993183,0.10270029472226468,-0.030746204401873242,0.9087295315057166,-0.4413422487710348,-0.03265188342685193,0.5957178053880979,0.060472912165771026,0.02404099893308876,-0.01048859300573789,0.26244208985665773,0.16203422965369385,0.2892255888343442,0.06242395945294152,-0.4155026458980636,0.7595623702894286,-1.2972753762071838,0.11359029426264958,-1.1543384637823682,0.18403414349827815,0.5736718678125635,0.057772331415337476,-3.815714475820334,0.14823935890889023,-1.4715873683276064,-3.451405358062171,3.4233165525285387,-8.381676205746961,2.2252281550664814,1.5530175398147472,11.40793422308917,12.456854542640587,-11.428397040269438,-36.33141164782823,27.694690261404304,-15.539217628394514,-26.1283116850365,4.18306642011017,-19.130982759619936,-9.45098370696763,78.477168800326,-4.602027766038723,0.0
0.9287618197545927,-0.399563549940138,0.7377544404358082,0.9775514277545403,0.017433733596632733,-0.0005694136133088213,0.2099736811985683,-0.41319011449485316,-0.12873700170243482,-0.02106570058775894,0.7714558602463588,-0.3398198660743761,0.05600703242945809,-0.014402898431336592,0.10526172235991028,-0.02270579649697433,0.9200090448755357,-0.5096662065937981,-0.029366485123886444,0.5522576441403706,-0.0018930079971415416,0.06050956995418329,-0.1324628206573946,0.3990334329150844,0.13223174372684732,0.2736374762751512,0.274793276880836,-0.5468673011754842,0.2761740591375018,-0.9109958827598498,-0.10493681089204322,-1.9847927476856215,0.07557453455168098,0.21967622765505918,0.6395310861089616,-2.8640719314117353,0.14288178159264822,-1.0761461902824867,-2.768959582346239,1.985503852384467,-6.61669761997619,0.9367282937495831,2.5559223364087686,7.145524163346308,9.382420065288526,-9.055997601532836,-23.103746214207696,15.508744142720888,-9.859114765651938,-17.40337995073323,-5.644257061543751,-21.160109215611854,-12.372311929646713,63.67071474713196,-2.938304744793237,0.0
0.9394831158964474,-0.4000463493109012,0.7392493715950793,0.9773608948626527,0.015083189929652251,0.0031674547897771947,0.21101693250773626,-0.40658813848076,-0.12180772283396007,-0.032037197850912594,0.7723836276369929,-0.35515094817458287,0.05294246043702335,-0.05925941987445079,0.10372392693299197,-0.02013791194812427,0.9347849784302235,-0.5594148180005558,-0.019573548419211134,0.529465283123555,-0.041058457136175085,0.08640823379034925,-0.17399373248517308,0.3955291662896585,0.10044827450579084,0.4150835361893619,0.3963623878276316,-0.5837563746270213,-0.1190782912820765,-0.6724093091967271,-0.2022633973525199,-2.312588900061589,-0.1778628014214463,0.05390150818748711,0.5965739531053996,-2.0758133838689883,0.47880881984269125,-0.2607985744106451,-1.781343334239875,1.239657181483935,-3.057414000462655,-4.928100904070838,1.8843954998372423,12.074632941861816,4.89252234384726,-6.189188282454104,-16.296738229423468,8.437570049498053,-5.9658152439505265,1.893943484527715,-8.90191877208225,-6.512736158016311,-27.91538590240203,45.34263025622972,-8.861216114728254,0.0
0.9499831139611463,-0.40117196414847717,0.7411215196539896,0.9771369843212607,0.012632944102004787,0.006125668508045189,0.2121466445178806,-0.3960937693285278,-0.1134381745373033,-0.04436556739866262,0.7671877898105394,-0.3670334347788696,0.048087866866777754,-0.10529787665152364,0.09772364074347421,-0.01860627899325898,0.9430338714800497,-0.5920712521524264,-0.006503240264058104,0.5253835271933421,-0.06827544544095346,0.09822918885821301,-0.18589158104528017,0.27711917928808216,0.1351464126151134,0.6326528470933389,0.4347282652474854,-0.660061667365609,-0.34889498984940537,-0.5487659660641395,-0.2810409359369175,-2.2159102817522887,-0.37873316258409556,0.0960422305356295,0.1974600932630659,-1.3292190343604544,0.5894600382830002,0.3313357964126973,-1.3066143047768668,0.37416122356445586,-1.4405004720538774,-8.891664506589002,4.070393980003615,13.040647204615007,1.7814038259431,-5.827130780193218,-7.4817802498927115,3.533522478334208,-4.304472847255932,14.734153087288048,-6.9335240056547,2.6964187512759747,-25.89940181229778,29.09460125919108,-12.085810569949624,0.0
0.9604190845500667,-0.40280065816829236,0.7430538691358411,0.9768149438158662,0.010433347205086402,0.007941167770132854,0.21368352453698797,-0.3822090691932113,-0.10457532859871681,-0.057722960180481744,0.7592105169721315,-0.3771318063110962,0.042271525951798936,-0.148814395068831,0.08795724569198952,-0.015319372920323338,0.94439669784173,-0.609782228607234,0.004686509005836611,0.5221112830696002,-0.09208414104855896,0.09382218134900777,-0.17570389504478354,0.16649045434356263,0.18381088491815586,0.7583356016975432,0.44805721869490056,-0.69282116322264,-0.41649581431904686,-0.48500826816235054,-0.30924036785550574,-2.0858579515334514,-0.559112427066191,0.21591266545264193,-0.05202297266585931,-0.6809108570205226,0.473038444608152,0.293604116295233,-1.1834323312422457,-0.43394884409445916,-0.3887375640318199,-8.037062389179901,4.636797650367494,8.134626168793796,0.5024802583180054,-4.168276557189574,-0.04278474803957888,0.8673432645227783,-2.5276616795017492,14.393385376989531,-6.240323880039892,5.379371343687154,-14.0370530296382,15.704287072880122,-10.53757118313452,0.0
0.9707674402213567,-0.4048895439441559,0.7447733548861829,0.976405829754375,0.008620893068524267,0.008870195191321975,0.21558908938449994,-0.36668297012690027,-0.0955489177565983,-0.07143418641036908,0.750837046754181,-0.38646200587898966,0.03588539361291559,-0.19003643749810847,0.07460441179804012,-0.009557220795114011,0.9416106893473647,-0.616465129464985,0.012572225901747896,0.5167045624959022,-0.11470623599833787,0.07832740036087513,-0.1511311500587789,0.08651777719159967,0.21489771467916152,0.8043257640904957,0.4542569531370944,-0.6963674959494938,-0.39904788191756413,-0.466764884302388,-0.33596393028934596,-1.9876974437025559,-0.7356250388761023,0.3393628210907631,-0.2206474959049857,-0.22272480166614733,0.3220920305326537,0.16770144481444682,-1.163653114102068,-0.9491057392051842,0.1965451641124209,-6.339206147925738,3.7129660102770545,4.061876896729003,0.5536146861465178,-2.1374509336838647,3.983681650729944,-1.2327820268526235,-1.8644167754990315,12.087877035175804,-5.7760485950825995,5.0076890732249,-8.921269480868295,5.482212963810929,-7.625608893284385,0.0
0.9809984519757976,-0.4074372108546974,0.7460948656480908,0.9759325089972901,0.00722447563389733,0.009202682947270679,0.21775870926473045,-0.35104868869204275,-0.08625411970105877,-0.08448508731945624,0.743810949575649,-0.3956878844105976,0.029584828237617863,-0.2293825935159035,0.05800944698292027,-0.001634882009380301,0.9355053970840147,-0.6168614878050311,0.017504166502692223,0.5102827941476924,-0.13805867019902285,0.05508131320435123,-0.12097511638644126,0.031424235578327075,0.2384260556358991,0.779898328299671,0.47212072798683946,-0.6419322504298786,-0.30028207548227565,-0.47436869821300026,-0.32303387306199294,-1.9070917276085513,-0.8842680145868295,0.43533458641964085,-0.3621985488501606,0.01670485478381907,0.19532140672790335,0.08729628959506819,-1.2252891837453455,-1.2936586447429015,0.47833515616527195,-4.7981368078149345,3.0599672470243395,0.8636554807718233,0.9010415249412917,-0.563927117933394,6.674548827805677,-2.7038689503286184,-2.3567559969562044,9.819274944088061,-4.134404005919966,3.675140481624969,-4.8728013753150865,-0.7203980450593016,-4.988949151435122,0.0
0.9910944593787426,-0.41046358858091025,0.7468758389259507,0.9754130733601674,0.006242710465777508,0.009175378836057341,0.22010492340547202,-0.33651259273466855,-0.07661587775302837,-0.0962935270498247,0.7394760275192485,-0.40537939317783145,0.02333741301997496,-0.2673135655464521,0.03895513717591205,0.007923181995488467,0.926781586517688,-0.6117040760539613,0.02014102805411279,0.5032386135679152,-0.1624638954485929,0.025380367043881438,-0.08564963191920488,-0.003132996143469381,0.2516802670021196,0.7040109265743322,0.48969358286924997,-0.5717463537615675,-0.14523991612620354,-0.5094337791062453,-0.33229646272322033,-1.8490181750711432,-0.9869232953165971,0.5051735032548357,-0.4676769148554624,0.2662466338142586,0.09844266703348573,0.07322553863474698,-1.269101916177021,-1.5426839413761901,0.8541063649305618,-3.9409247631463202,2.3175905970497075,-0.8713413034132769,1.00895219041666,0.4784043606724714,8.2522377638685,-3.906666834601542,-3.685208169148865,8.48888770432263,-1.928665098449448,2.298590232836922,-1.3591848737602228,-5.680090071645822,-2.93441285834918,0.0
1.0010606833344071,-0.41399323728755105,0.7470364413465259,0.9748555090774356,0.005700921045746655,0.008950789112296936,0.22258508327125429,-0.32425530559264404,-0.06630714996256086,-0.10550030881399372,0.7393362014529484,-0.4154634217080171,0.01674213745913736,-0.3038592992214813,0.018428720329414623,0.01848175006652521,0.915473831132067,-0.6019833524150571,0.021238095922654486,0.4973147921188804,-0.18804154990707295,-0.0060613636291072595,-0.042363849956359306,-0.028392375898315947,0.26548448671606945,0.5687634674253964,0.5321960133952234,-0.3986838171236821,0.09424428963064997,-0.5159303326530772,-0.3533909707211621,-1.775921234527419,-1.0393197872062854,0.5404965526427408,-0.5900065428687901,0.45787318203239263,0.035604891461578435,0.15485339514654878,-1.2995191984527772,-1.5370939485148158,1.5225209554964267,-3.714983983953588,2.167827339400489,-2.3518426737330786,1.7066152006977375,4.698910843154717,10.346416613673208,-2.4702958937783213,-3.828839499932285,8.716237812928721,0.28298068829165657,0.7760471547404573,1.022700613201919,-10.080270967211744,-1.5345629775110539,0.0
1.0109365482984318,-0.41805142484024305,0.7465778438822286,0.9742454839982022,0.00565962370126532,0.008577667354331865,0.22525569735619774,-0.3157799724645954,-0.055019557713184945,-0.11039516113530577,0.7460252663254326,-0.42470952253815414,0.009665173661487975,-0.33843353867697207,-0.0024235725429731605,0.02942648136338516,0.9009367840860875,-0.5884095288688869,0.02155450444428119,0.49439339506684205,-0.21466237389226023,-0.03627012899044813,0.006786323411851743,-0.05757971887981875,0.28620658162943396,0.3653501532111952,0.5778519753838254,-0.174212788835034,0.47353010586094463,-0.44920424454260516,-0.37671022228467427,-1.6619550623471235,-1.0286007870533052,0.5490602506219043,-0.7457327763779688,0.6225995792221993,0.008184295647505078,0.3625694058677908,-1.2829885083945125,-1.4154902634571935,2.1345448111895378,-4.334826132345473,1.8310584804990526,-1.6908537827692671,0.8648477561002882,4.195791271263313,10.957641973817864,-0.7615126321499477,-3.6300977388721325,9.9932467485699,3.0085904856266596,-0.28678765184857463,4.065816200467021,-13.876279033987103,-0.4351594271948948,0.0
1.0208182688582477,-0.42264479960077733,0.7455187618627546,0.973560893148306,0.006168067406446889,0.007934245290855136,0.22820646359909938,-0.31147785901354647,-0.04281559328782954,-0.11087697329953672,0.7612482492357672,-0.43254474380845365,0.0028221892086183467,-0.36954737748422156,-0.022258417618394578,0.04022878555961496,0.8811043150742719,-0.5700220398128819,0.021564293613092134,0.4970158811921491,-0.24105236590650406,-0.06628385196002717,0.05827381575631221,-0.10330209271452291,0.31655753330174724,0.17223977554549097,0.6175926576325275,0.035261160815346144,0.8965482663201041,-0.376602408463971,-0.3598710207199971,-1.4648617137962032,-0.9529318267857543,0.5322194215324785,-1.0188366059179634,0.843452108439399,-0.002684701048077554,0.5990655992372536,-1.2097994885021752,-1.4154415939343847,2.96848985532829,-5.090053716297874,1.471289891949223,1.3850643044315367,-0.18460193145800508,2.4779090774187384,7.690835699406811,-0.7312397162843661,-4.248493046796401,11.000758026325027,5.175995765154669,-1.251848579186336,8.193022452474553,-18.58074544773166,-0.20081825691957367,0.0
1.0308501183223622,-0.427691620093148,0.7438552819003944,0.9727409895364868,0.0073923619411647495,0.00678049606932337,0.2316772434520937,-0.31064473184168306,-0.029861062755352392,-0.10645980403416251,0.7855067448019771,-0.4391064089541599,-0.0022419956640854573,-0.3926031635021044,-0.0402866785816824,0.050471823736895606,0.8446876212167899,-0.5388501422340358,0.021477317304034103,0.5059423981964807,-0.2606032636722491,-0.09962124405755216,0.13415693712405158,-0.17454029814405464,0.37787129351622556,0.012510463561537252,0.6289407045535828,0.2758572253931086,1.3427700030824903,-0.3154547463672696,-0.26492604731548464,-1.000703085993933,-0.8611798264048333,0.5105559993666229,-1.981894147137099,1.4723497981026439,-0.005368163451477561,0.562733678764414,-0.8666421297417438,-1.945143402008665,5.834550897187203,-4.83241929786748,1.3540326819103368,2.4651839273888108,-4.789630237326189,-0.21643545810329745,5.357869843610411,-1.0035249413747596,-5.932414884456841,10.220942763607843,4.4617111187779415,0.13313343977067094,14.059039821852824,-31.27793384485117,-0.0964839483989643,0.0
1.0413447245695489,-0.4329440486002726,0.7415963874669913,0.9716481952294126,0.00961734538396985,0.0043931053597724085,0.23619481789507502,-0.310918238475454,-0.016233797316333613,-0.09697799272207078,0.8187129405880624,-0.44358723676416933,-0.008140787284686996,-0.4010738125538893,-0.05924965588856801,0.04354077932402514,0.8078119607933367,-0.42916591230428,0.03664182550912351,0.5461174237513235,-0.2628903729503703,-0.11999225032292114,0.18261023274874208,-0.3856009117733791,0.5080861246027316,0.09741494380163238,0.6967819206649607,0.5196878766324448,1.72171806646637,-0.17591563651295714,-0.3525416886366297,-0.03237964778253585,-0.909723824144079,-1.1054814393063013,-0.36389972644860047,6.473100061267748,0.9182781691948954,2.765213309488609,0.05526089169772518,-0.10381431490886578,2.099356077642421,-12.43771614670533,2.4782402804041728,20.953713339292896,-1.9856916591496736,-7.871655488443708,-7.494356437972854,2.503645765375669,0.4383534663138082,63.179082266544114,25.015135357199807,-36.86050594195693,92.27154262114438,-123.6534373172145,-41.984379456919484,0.0
1.052508557682938,-0.4383668973306399,0.7400226557914293,0.9704657065767578,0.011210859141283872,0.00043966926865289014,0.24097808134085869,-0.3098353665181517,-0.00016192432844197384,-0.08989725610780899,0.8557737385688089,-0.4410458418967722,-0.012680873316616102,-0.38909717858166154,-0.06275934844927632,0.02225709899940415,0.8103395686379122,-0.3779587492428944,0.04243321628046678,0.5587096922459156,-0.27427889682767537,-0.02858554488287017,-0.037290957511177225,-0.4054191926762225,0.4207566005023871,0.07867348547791067,0.8616082775147131,0.1520316627978068,1.7287747281312247,0.4379953961107804,-0.1069629165096212,0.9120814788568726,0.30731705198476805,-0.9243464247309066,0.41248126527669615,-0.6744073246436967,-0.23640220066348938,-0.5104687125953412,0.1610133287433519,6.12592626951584,-8.680536090432668,3.0331201589938646,-12.500097622690605,7.103860236682997,2.982265735440026,-22.807397220905457,-27.509222183090312,36.1951385236613,13.148250810618228,27.81625624853587,34.421625883779356,12.29009504997604,-18.33150018533864,-165.2723157078991,-37.700032981121716,0.0
1.063264399437014,-0.44358109245571087,0.7403068265754541,0.969616836055118,0.011539418850609252,-0.0035369998792255625,0.24433076491286512,-0.3073945997384597,0.014568465017633144,-0.09230142990787145,0.8863306936099228,-0.42855129457704905,-0.010501513520598662,-0.36793644677729803,-0.054201158928994374,0.005084193271377062,0.8147774923751948,-0.40312234709990047,0.033676618955518774,0.5191331081143898,-0.24783060159277284,0.04788022811903686,-0.06467155991808952,-0.3686958894748297,0.2687448914764589,0.19320466971037892,0.6270667757293927,-0.3090672140508894,1.2700430545580044,0.8102973192675392,0.20260234394202598,1.148575488353644,0.4931818531570524,-0.7631599569816422,-0.03446918559809206,-1.2863995897000737,-0.5131326430920321,-2.22387758034998,1.5350586121432221,3.504335957297879,1.483605997315849,3.2905048885253896,-10.865857699527352,9.449131708566258,-12.465848859487702,-16.79662106238386,-33.39253212223003,20.600408768396978,7.1950929370796874,6.709226839359911,5.206185257441952,14.050213273498429,-31.67056878102814,20.556055408049215,-2.9231269047441164,0.0
1.0729435483852219,-0.4480464984332321,0.741578087408594,0.9691568630337477,0.012457361451292141,-0.006687112464970868,0.24603876017232976,-0.30282059595375377,0.021909446762801387,-0.09491914385657595,0.907257967782991,-0.4222554822002901,-0.007897555991966116,-0.34814196625949584,-0.045347920423177555,-0.006218074397429343,0.8151343078536468,-0.42151193470927634,0.02323926785527348,0.45486243747341626,-0.2025350775956953,0.07629576053714894,0.08187605453814584,-0.2868970579056869,0.10859640656102044,0.27712831801496945,0.11278957075528939,0.007352274467942947,0.7034524062340288,0.5310046078668399,0.12958709286827108,0.856244744161665,0.38843601083525875,-0.4030782365553754,0.05148276882410692,-0.6028833975860706,-0.4973698106102515,-3.2893455546952017,2.466843544330004,1.1843315824505967,7.718296228551622,4.617685306083346,-7.855998066786032,8.168782900872614,-36.11907847341883,19.05221382430281,-61.731838995944,96.97582489788743,5.074466387500263,-15.203641226499053,-7.125236398213623,17.317601959689252,4.200566630250917,33.287944884492674,4.477570294532299,0.0
1.0813634678368198,-0.4517449124397081,0.7430672347782661,0.9688631656022809,0.014183028922110414,-0.008732763833851093,0.24703592221687676,-0.3009004384062092,0.020459941917489875,-0.0893914647342491,0.9257807457009555,-0.43169831489067145,-0.005993475158871481,-0.3340685431241197,-0.03875642433364906,-0.012491210017281977,0.8177736934394552,-0.42863124344166,0.012961069661951867,0.395061308413692,-0.16972356738933617,0.07552266953156564,0.15170562585330297,-0.20745461425324804,0.10155445863815944,0.012517128575492668,-0.2519149817122023,0.43239385761472726,0.8860677118563961,-0.6174257750580707,0.07012481693992577,0.6027534245672087,0.2728329955120407,-0.24316759924695636,0.17262306475167968,-0.17346711721966382,-0.488016333828495,-2.749706915064724,1.702138608353816,0.2535858214979241,3.7524456155280372,3.235311135249075,-0.3311317708186871,-5.477735854196388,-21.51160741260005,12.281749642009585,-16.758875282980956,7.308890250756393,-2.4774099442065585,-9.640835478611086,-6.607515595827107,7.264492538807276,2.9059551975204805,18.28907229087845,4.700553319820526,0.0
1.0888016822760704,-0.4549081301045246,0.7444802688646055,0.968494338097885,0.01600813156370492,-0.01023763132883842,0.2483095803648185,-0.3038852238064022,0.014269592953019591,-0.0784642468107557,0.948946341104996,-0.457712324153451,-0.004095505176613944,-0.32154597688042263,-0.03305920977605639,-0.01574556413912601,0.8186198598224325,-0.43143583258905444,0.0028060809615005466,0.35382243714313166,-0.14776218055412962,0.0689534638424274,0.14132447942549073,-0.17757207649487927,0.1500561025588512,-0.2083272760269866,-0.3848804200108859,0.5857184945781979,1.117363298785635,-1.2609954195119664,0.08006393453138899,0.6309480267815705,0.27329979446573405,-0.11532594335513732,-0.03160193718987605,-0.09563228006336916,-0.48144471445084014,-1.9446850809792648,1.1890352093290255,-0.06857491786291428,0.37137555240764,1.180551818072423,1.2964886413819534,-2.0193460731967656,-9.9645502050106,0.40639015946153756,-19.884475124848116,23.609246675828985,-2.4019368991018517,-0.6369601865491556,-2.341151081132995,4.072590679301633,-5.753779368458593,5.890836766328055,4.818763308150616,0.0
1.0955079699188088,-0.4576898104128956,0.7457307678413544,0.96799225428958,0.01754122033423955,-0.01154212731612966,0.2501001409867281,-0.31059736535570204,0.006391522275373829,-0.06688359504553978,0.9743243449932502,-0.48697032122310524,-0.0017721691688172545,-0.30727293930683797,-0.027146539780583324,-0.01705914985114041,0.8137129796913496,-0.4348894196452998,-0.006811905643191946,0.3203322169310148,-0.13120434177966342,0.05882144043348473,0.10973148596703482,-0.14965159268473616,0.2004145589736665,-0.37377862812808504,-0.4183503774113653,0.5471700319238184,1.1620392594898483,-1.2981572491521574,0.10168135078325634,0.7422073897336204,0.2964668203889482,-0.033020762413259554,-0.352515904878583,-0.19551362383263476,-0.4486131297213002,-1.663101969209953,0.902318359287171,-0.34552429376597843,-0.4771139509274668,1.4649389980352199,0.4148886493828977,-0.3023359816845774,-3.594954400448555,-5.367082954872492,-25.254940842029637,27.436562957058776,-2.611127338221842,-0.08837652170004762,-0.8122760793998747,3.2246234304140833,-6.519486295735591,0.3085817781855478,4.918884082485545,0.0
1.1015739002057043,-0.46018181733706437,0.7467232348822146,0.9673870545662135,0.018666703434951634,-0.012617472630754795,0.2522987122935614,-0.3203225088343847,-0.0015984465368408807,-0.05733152889951368,0.999187663053051,-0.5119602405528804,0.00013345339228541266,-0.29137340891194696,-0.020964403898167415,-0.017476095507556064,0.8033567337372846,-0.4407069487415123,-0.015685166171051573,0.28937091884208566,-0.11846689241315363,0.04330932732529616,0.07527364345208336,-0.11256532200423397,0.23253651251735688,-0.5166165579639925,-0.3897028034914491,0.41963733351793364,1.1083643773546794,-1.0604174515486995,0.07820422309021084,0.793768455749661,0.30766648881222575,-0.006964536092874988,-0.5777505342352426,-0.3231473746127965,-0.4135020784595429,-1.5533433092779518,0.7096255983994549,-0.6497224935511728,-0.623255356814824,1.886482939097533,-0.8270567178928113,0.3232492186695465,0.9051080991163529,-6.614949196115219,-26.687065341654343,23.896961421353037,-2.0441370420691056,-3.592103869513357,-0.9694096847631841,1.3825450473707068,-0.9205366755140378,-0.3987905945911506,4.36657184116673,0.0
1.1070352498737799,-0.4624361529549185,0.7473604761905454,0.9667250545968682,0.019403414591357304,-0.013405983373790818,0.25472820010093006,-0.33265468054529573,-0.008673683494634914,-0.05063221027605377,1.0221990113246073,-0.5308134577019938,0.0009583662888720997,-0.27526035058924175,-0.014824122569821956,-0.017770949648460474,0.7899797107105138,-0.44886980405032917,-0.023627200290395473,0.25982453650630283,-0.10722667641025022,0.02364911690400635,0.04850031249618583,-0.07523239199605003,0.2474931261980208,-0.638994351973548,-0.3226479249123142,0.280563941914423,1.0079054279893422,-0.7816233802698407,0.027884257608604312,0.7751212193116299,0.30104518030678423,-0.005332008491976377,-0.6729255188916234,-0.4358474046785699,-0.36652296905319487,-1.4670786415358184,0.6490723904896095,-0.8551963950848382,-0.28151671593532984,1.6893157020443414,-1.8804000241971646,1.1684822678457736,3.6570413880790915,-5.274953404902946,-26.17906158459415,18.216672801010798,-0.9220792199763101,-6.358735861280338,-1.2201373777022924,1.3641171985179728,4.7259271466417445,-0.25259100994788664,3.9841684864822424,0.0
1.1119174625384296,-0.4644689941405457,0.7475830758587166,0.9660358166425689,0.019844181823382125,-0.013911582598404098,0.2572692699898156,-0.34723329249935325,-0.014233270449595374,-0.04657096765922944,1.0427127929938396,-0.5439661519763384,0.0011831874386292118,-0.2601004351231706,-0.009086650819922886,-0.018340047322303904,0.7758990548323401,-0.4590173525921715,-0.030506513825367093,0.23151678824750815,-0.09616531298545336,0.0021087153277144955,0.031356572966883926,-0.0437737304176708,0.25443607742265184,-0.7443188676216359,-0.23619321961528486,0.16203488281835035,0.8846069308853871,-0.5354452062634006,0.005234579435688982,0.711172335225738,0.27694515108284795,-0.017250117553846887,-0.6680125383371118,-0.5309968156659121,-0.31447234058859125,-1.3791946431560829,0.6642078763222908,-0.9307901619798916,0.15552111748379513,1.123386789264292,-2.444322318460595,1.988663888431994,4.97156702801182,-3.3583845871636653,-24.742432114446462,12.79434061128296,-0.30278166573645054,-7.472264260675258,-1.3406352529426724,2.242111534796915,8.349614301941106,-0.33307152410376706,3.5990074111747647,0.0
1.1162488245794968,-0.4662729782026692,0.7473786028276609,0.9653310668774855,0.020098898383959604,-0.014195840699643393,0.25986620348124617,-0.3636421014713878,-0.01801812400657159,-0.04452630125674987,1.0603544536035237,-0.5524878855428755,0.0011318253274562031,-0.2464710436188181,-0.004072284560168731,-0.01943456965824882,0.7626632780725683,-0.47086404115623576,-0.03633342760793282,0.20474697472142714,-0.08432182710434945,-0.01909760182857345,0.022483194051827207,-0.023285354093665077,0.25910379456178134,-0.8271844129727318,-0.145152588971553,0.07655868874754206,0.7473143026010444,-0.3402238071651397,-0.005221425612294966,0.6319442602976743,0.23631349209410957,-0.04448617766969545,-0.6045276826191966,-0.6146670959584589,-0.26468943344935564,-1.281640904216985,0.7232830648884817,-0.910009227769684,0.5063366229126279,0.3458565613074314,-2.667509789591969,2.920118451507052,5.206146264393058,-1.5455803254066096,-22.694778862586404,8.288968388898109,-0.11839584242140727,-7.1878889989625545,-1.2468486428663892,3.5328702135976924,9.9908402586142,-0.6825416605246458,3.2376181923302614,0.0
1.1200606512120939,-0.46784993201786157,0.746982408158312,0.9646771118675511,0.0200344151517354,-0.01444182104123507,0.26227490511564444,-0.38096163888842877,-0.01922594803161915,-0.043753220475729125,1.0743044557282755,-0.557389943156617,0.0005163026727342597,-0.2386475378190949,-0.0007017285856489839,-0.024613712080126523,0.7586374352293184,-0.47815229256220143,-0.041547301665983,0.18221762885794202,-0.07197963764760128,-0.01936490068185174,-0.02465127671301393,-0.03246211234114126,0.2366877969043997,-0.8307817903290715,-0.0015113470163914348,0.012863404731489647,0.5596071572769258,-0.1906296107447163,-0.029775753311165144,0.3022721295800054,0.1440701498994792,-0.3315230492144508,-0.02645422030022405,-0.24623303199453275,-0.24495729145993442,-0.7362613181070425,0.936182753598578,0.08124467155546783,-1.1912620510038032,-2.8266140505124344,-2.162231528579063,8.188240544945932,5.913221504137685,-1.9414798199342973,-20.52283835376606,4.498326416071222,0.6948156641685397,-3.059638207634444,-1.1956234574588773,-2.1233884207200036,9.9102166063697,7.37302100731752,2.32587533815199,0.0
1.1234523942741348,-0.46911435142352176,0.746547046487909,0.9640162481772406,0.01976341910759846,-0.014839805986165248,0.2646920109745399,-0.39897217035131133,-0.018601066570708633,-0.0436715637951147,1.0859665601171848,-0.5593167536993084,-0.000648935516914949,-0.2336033272707912,0.0016143551741433133,-0.03182710136079019,0.7594572080086444,-0.48259541325877897,-0.04597516544461872,0.16104622901839188,-0.05415644235102533,-0.022366821899915342,-0.03055142114143394,-0.036757840333314924,0.24955680159877391,-0.8947503432867073,0.05097359943348481,0.0016700090108744052,0.4974630727737751,-0.0603795417282529,-0.05504816237474549,0.24696599483591355,0.09582247521071569,-0.35464341496133456,0.060908395500852475,-0.21674371178888943,-0.19775390694656544,-0.8306042305370639,1.1442343397597663,0.01610500704998599,0.6417171337247943,-1.9982541954397521,-1.4009399885738136,4.903573708477012,1.6247132986221444,-0.04045313471634867,-15.716623421762652,1.97157991623531,1.0260987181956693,1.6174372123691914,-2.052072364402651,2.6872404589694305,0.3080017567027649,-0.26190996035141945,2.8264843474242363,0.0
1.1264533464055844,-0.4699889391980517,0.746081724825669,0.9633200142607329,0.01952668538758733,-0.015316297516045393,0.26720529506892976,-0.41772375953757296,-0.017227267216033217,-0.04343114015693385,1.0953881233107257,-0.5596499619013091,-0.0017604709139964324,-0.22870051176101927,0.003025849846134825,-0.03892177278012312,0.7605348256436621,-0.48714469532637,-0.04971040203564484,0.14225090032256724,-0.033624742202785586,-0.022886222989214357,-0.02438691750236206,-0.0457532661867161,0.2572194981604264,-0.9219632353086432,0.07638158091961021,0.022414281256416046,0.3737575943836908,-0.0009454436518802948,-0.04824554708614811,0.25801431851364653,0.0500348791942982,-0.33458784790984386,0.04488928014876245,-0.23451907342996356,-0.16655897741116846,-0.7816125124831064,1.2387969396722265,0.10848904067777022,1.0650196019487048,-1.9205569384450258,-1.7087327485067374,5.237327266205166,0.29203914176912504,1.1142258407164343,-15.039208245560008,0.7344123356301703,0.9462156251904119,2.3586464482972977,-2.2595048945075247,3.680032895473074,-0.978772899891553,-0.6809262303875875,2.811525865135255,0.0
1.129104595221596,-0.4704313449121533,0.7456349705991369,0.9626142767758255,0.019411709041274084,-0.015897185994329804,0.2697113627137613,-0.43638967313734134,-0.015442666958262609,-0.04227745032185822,1.101459964491604,-0.5580120697622104,-0.002649211826452113,-0.22337846758414023,0.0035259046289224274,-0.04544092883381595,0.7611495699165596,-0.49195209182615657,-0.05281103165791352,0.12561033547993508,-0.011485745795809233,-0.02125468928067778,-0.015638699782724825,-0.06092902960324252,0.25201011381922167,-0.9042480267885534,0.09035865003359059,0.07659665255417382,0.20799146083161812,0.08648499507608187,-0.0387299727858479,0.2816769748094127,0.006690753245101665,-0.3017261782607938,0.022015936186623997,-0.24215768183347805,-0.1339568344098267,-0.6982652461877782,1.26853841269176,0.15449428510866603,0.8228678545700999,-2.011115721050857,-2.1431785459864043,5.913644040170574,-0.5265019959922264,1.2094991345497337,-12.462010205128848,-1.8710333467004046,0.6560836937568048,2.383587260546301,-1.778521495929557,3.9423663234363593,-0.72214924840214,-0.027792651867569202,2.8749572199406632,0.0
1.1314439422202933,-0.4704256359346598,0.745236500559188,0.9619273990260322,0.019410710514364837,-0.01661444437403347,0.2721081835566216,-0.4542069814343543,-0.013553411521322516,-0.039921656795514106,1.1034503935538704,-0.5538327339053968,-0.0035409496931617266,-0.21756560510987275,0.003244000365629748,-0.05124337973729195,0.7613394468642695,-0.496751125424479,-0.05521912668021137,0.11057502272476197,0.010863475643797041,-0.018901739502357445,-0.011435585992893736,-0.0764707061938245,0.2401851332193189,-0.8584008010544077,0.08453592850317722,0.131661354122819,0.023721740258284045,0.201873236629888,-0.04101524372526265,0.3038130803093635,-0.029253890643413136,-0.26817784193897004,0.0047645034738069214,-0.23816946015357562,-0.0979878117439543,-0.6563449934443704,1.25055734304193,0.10577395562958396,0.44631246983046036,-1.8069136052596824,-1.9421677657651648,5.198849706262084,-2.073071534520833,0.020801782424224147,-7.050842736712647,-4.422863837427128,0.6129406007145886,1.9562532061259832,-1.5327590986244168,3.350146152086526,-0.14440705074277568,0.1419616413145124,3.0223934233877974,0.0
1.1334958240632462,-0.46996435496019895,0.7448820500746209,0.961267026030302,0.019506011136881586,-0.017470782313357223,0.27437199558582404,-0.4706987411404243,-0.012124125947464474,-0.03640757428233157,1.101173252457633,-0.546974456879825,-0.00471302206217956,-0.21134302256409573,0.0022132661621807673,-0.05636279861568906,0.7613371591806954,-0.5014776427403809,-0.05683150479176129,0.09668463583013655,0.033716425415364126,-0.017089555813094143,-0.007626250322360592,-0.09195789033058507,0.22768506679301273,-0.784969835320828,0.04838687467479728,0.18642015612995944,-0.1870199893327207,0.3210881350094378,-0.0554683725911547,0.3225701408510453,-0.06581365170395057,-0.23636003101129044,-0.0007065978104118319,-0.2351563710903645,-0.05747117095596367,-0.6048171666786367,1.235142743877358,0.050654814218705504,0.11538110545660482,-1.6286512630377956,-1.6795003655078151,5.340653597721054,-3.390049167360792,-0.69165853137449,-5.178111793135358,-6.953202727975856,0.8214763032345431,1.7609207677666396,-1.2623980229777505,2.8716512839311377,0.09340311023395054,0.09400716751998754,2.9544191737880188,0.0
1.1352932444834334,-0.469044968049548,0.744567305851694,0.9606306037781274,0.01965955941719949,-0.018485311802222678,0.27651516785877817,-0.48519038672911957,-0.011554862260001294,-0.03169661672907534,1.0937002942602785,-0.5373677208020063,-0.006354925423772873,-0.2046307399695042,0.0005285852489544706,-0.06088802342372475,0.761136791885025,-0.5061184045299804,-0.05764055316854033,0.08470623610489733,0.05608364631514366,-0.01581109079576509,-0.01232644720328371,-0.10762912272275318,0.21696670735276463,-0.6818601297848214,0.007667111314486652,0.2511029483413201,-0.43571493039728293,0.44063943509704107,-0.07754033966388646,0.3462730073297692,-0.09138350808466102,-0.21116507000887214,-0.010293762539656427,-0.2309039806499597,-0.020828030073310043,-0.5334720683188177,1.1255903114685413,-0.08903357010342824,-0.7912075093180013,-1.2924311380918785,-1.5155744812428238,4.400442342264032,-2.2968054862122136,0.09057308444234191,-0.6709886813183075,-9.801208796553436,1.1922210559300292,1.2697423910055567,-0.10588584609973592,2.1940843032894835,0.39120082951959073,0.03876187026460403,2.0806396358697197,0.0
1.1368771145676015,-0.46768568676204086,0.7442662116488362,0.9600192195194653,0.019768977779713853,-0.01968672524863216,0.2785403355346732,-0.4970629299287623,-0.011791766515720142,-0.025638212072259324,1.0801949383697962,-0.5245973767535781,-0.00861767699611086,-0.1973758458002164,-0.0015104703340558159,-0.06494805399847474,0.7607244032537268,-0.5107001548986156,-0.05781170297803587,0.07477737305921303,0.0774212807054554,-0.016426896891095197,-0.028299827940398387,-0.12294907332832039,0.2080535402459243,-0.54893876627969,-0.0384416405903881,0.30587595726118344,-0.7226218875692006,0.5826376529658596,-0.10633570715714531,0.3710937177610778,-0.10141258350948379,-0.19390919215960623,-0.017484383983896828,-0.2306163196938532,0.003174488921506355,-0.4786348830322477,1.0391413680237602,-0.2816432149411501,-1.573103021410462,-0.9308273470621963,-0.9465546626904539,3.2138481718893086,-3.6990098171947148,-2.5709940991364446,4.581400172906584,-12.96947134298796,1.7148551029305252,0.6605062277393099,0.6901680101729799,1.24575908329893,1.076145663695898,-0.3940781229949376,1.5321124777333517,0.0
1.1382877058069347,-0.4659031176344886,0.7439232829340925,0.959425599439936,0.019746459597876926,-0.021104319206916983,0.2804767444610719,-0.5054299362088657,-0.013400398354173991,-0.019094669880483174,1.0589596418345144,-0.5072870740297228,-0.011629727008780098,-0.18961119425019526,-0.003666082758028313,-0.06869702791868698,0.7603286483529117,-0.5154323524317873,-0.05738572086398102,0.06696317779009646,0.09782743918027138,-0.020660553989595175,-0.05441448858989776,-0.1387124937743684,0.202266368468204,-0.36719940417688063,-0.11521199569528302,0.30872709965989165,-1.1063555646962924,0.7922635020102691,-0.1395865470685655,0.39227111117342256,-0.09884341962381832,-0.1841422240211486,-0.008115181504948244,-0.24458482573740548,0.03827442222805701,-0.3825303526576644,0.9071020917455321,-0.5513957120048872,-2.7898718019538755,-0.5885380553571024,-0.46533334046513086,2.065380609256315,-3.6474040163267896,-4.5414986877022825,10.220807288345402,-17.545027624122422,2.4528379240945126,0.09446272813363671,2.0793470553031193,0.20401885111142812,1.737518585812015,-0.9574835698639392,1.8724875892851476,0.0
1.1395860549483592,-0.4637300861955239,0.7434331626851616,0.9588410421423692,0.01945635914972768,-0.022810627686734353,0.2823561248786885,-0.5085109440145101,-0.017084842434864585,-0.013781642087671363,1.025402049102074,-0.481726319680353,-0.01559069571040578,-0.18140037253088118,-0.005546698852070969,-0.07233486703289065,0.7604423077779697,-0.5207597761513946,-0.05600295424563548,0.06285889780817004,0.11548629649965297,-0.03247303526922931,-0.10285408114547219,-0.15762844664747386,0.20034668454267957,-0.08631997152852962,-0.21652149716199257,0.2138891401817935,-1.7531601427405694,1.182721786732814,-0.18114403303996274,0.40526681279332555,-0.06602323263954846,-0.18814105683710697,0.03723449797429093,-0.28752855585252923,0.08179815389943554,-0.2583400638954089,0.6230849384511562,-1.1929425548336403,-4.828884424999406,-0.01295674489306603,-0.11810255214866869,0.202445787779173,-1.714476145523736,-6.549711346475768,17.327357848072126,-25.945730653435152,3.5050025157220475,-1.9773902371765675,4.702498093921308,-1.1466594095356164,4.852961387635629,-2.5898179808627355,0.6794471475605994,0.0
1.140871857333494,-0.46125671797333107,0.7425568682107185,0.9582659608004785,0.018614022336281157,-0.02493112909192205,0.284180057966428,-0.5028763269676213,-0.023326734981662683,-0.012652276023623702,0.9690647208635741,-0.43896160928584216,-0.021208823431523943,-0.1731451927069364,-0.006267618655776956,-0.07615033722116359,0.762359164652569,-0.5276555009303024,-0.05333084355828109,0.06454194182913214,0.1264828762913377,-0.06162905108243132,-0.19432703816607497,-0.17792092748949292,0.19856122367512807,0.37919977659469484,-0.31741113751408534,-0.036448065951230305,-2.9762400858659164,2.006727498846596,-0.25523518280789614,0.38006823081374397,0.028048168641037236,-0.21200796211161552,0.17932113664506577,-0.3970020601939629,0.13663797933789612,-0.033569754764761775,0.04832731818008207,-2.485847168393445,-8.71792789803462,0.9698497211751462,0.5249047751439397,-3.296417985695717,4.235509199487986,-7.962888475503525,28.85980528583545,-43.49958805842034,5.394917827115122,-5.991308729755795,9.720646793026937,-3.73019916508414,11.14831485320133,-6.0424919603418985,-1.7564970294722357,0.0
1.1423387689298465,-0.45859189657217203,0.7408703673285776,0.9577852431633467,0.01677425363091683,-0.027877125477446012,0.285637739573694,-0.48384326651805254,-0.03135341177571872,-0.01999426201405835,0.8802208107992263,-0.36825497004798036,-0.030354407685571867,-0.16504642404024875,-0.004043941053769581,-0.07999961379142774,0.7681418123995479,-0.5377316647630245,-0.0490377001540446,0.07900662707189379,0.13230353870623485,-0.11524738779928334,-0.35562857312019674,-0.24258688834413886,0.14549542347715694,1.090234648451177,-0.3400479289121767,-0.5380033224281331,-4.540081471995325,3.307924747462195,-0.4180196766261233,0.36344078355433856,0.23890549228535196,-0.2135216438264445,0.42928824767842827,-0.5942699111294911,0.20093142627317287,0.4985694206087031,-0.5358605680943247,-4.1208904536128,-14.227687222289136,0.36084054686320177,-0.9250988194070746,-7.467742903218933,15.656618181999281,-10.244225510215404,59.799722103929085,-71.85985425686886,9.329964677510251,-8.43324894725963,17.6863657230545,-5.0375265186659695,18.030368202879835,-9.987184937019522,-5.350812505417399,0.0
1.1442926248105572,-0.45578852734108655,0.7379411852817087,0.9575972587857026,0.013415901121850366,-0.03246597291750477,0.2859605989742585,-0.44822951394289823,-0.037550427927914215,-0.03940485115103706,0.7619541730186931,-0.2842621190111359,-0.03620765466374805,-0.15609412002608836,0.0037985543095905502,-0.08301574984003993,0.7790900397107957,-0.5521176692436903,-0.04399751462863102,0.10748165361936336,0.13678282526104243,-0.18373683424354398,-0.5773469080583261,-0.37517139856798015,0.02059108698480597,1.7053180548985085,-0.1435580609413699,-1.101316385782692,-5.053706704011011,4.762781203951424,0.33532394445882585,0.4209634568334413,0.5609660543059573,-0.17032959399840247,0.700609327609832,-0.8171750667087789,0.211820999744088,-0.11864139746354148,-1.5209518856514357,-3.669279133591333,-13.432738560856407,3.0432697616176805,5.457003779884941,-128.30305969032972,22.500479750560057,25.655430344184957,479.7790226137599,510.3386783325238,315.0102962797963,-10.929611576436574,15.051241436941934,-11.173242343359087,14.9052841916269,-6.190548322749281,-7.347553484951705,0.0
1.146278464437565,-0.45296901950520296,0.7353147708913137,0.9571319080010063,0.010574785152518109,-0.037573564216525766,0.2870102992531768,-0.4330619404336365,-0.041078950266429104,-0.054773371171926724,0.7320650831557587,-0.2080982917502576,-0.023831960858647066,-0.1439596387009936,0.01033348079082883,-0.0870156018492721,0.7870789551380662,-0.5652869656651703,-0.038591443196331995,0.08464392914201192,0.1450694052571612,-0.06583200401744875,-0.19707922863941243,-0.4123867795196684,0.2207386059586388,0.17338527218345978,-0.23852528193617542,-0.37294629150906167,0.6454273749301546,0.4031322056174015,0.697641746494241,0.753293484987958,0.03722878458302843,-0.18902586909693464,0.07746537061322406,-0.4536045011131813,0.3002800253070533,-1.5681729893232355,1.0729130882500952,7.8339154786216225,27.50693644619784,-1.6024983588404464,4.320612813066589,-15.877347240507737,-15.89341631006599,37.0244037406163,91.35258436646062,-224.02304017177804,-1.247437575907871,17.169515128762047,-34.40887840135265,8.357164545390544,-35.72181797780696,23.563309675999488,2.2886558297596453,0.0
1.1477765310890957,-0.4502076878806312,0.7349815969968739,0.9563903912013495,0.01059500938696812,-0.04150100925637693,0.28893395720219844,-0.431461270636979,-0.04572060447360852,-0.0584835211262376,0.7525404192035887,-0.22234612831390863,-0.009409575651552158,-0.12792783351424813,0.009496621903267496,-0.08948606852499177,0.7833122084843663,-0.569884082887578,-0.03395932951416848,0.06683589411171935,0.13408875417719313,0.019929823564610472,-0.02011509723892758,-0.34621026922084636,0.16935107450158712,0.16357935593483747,-0.24309284448146856,-0.058850042821041504,0.8748332867866384,-0.9647115567139758,0.6601229884918957,0.8206518271634279,-0.1103483228438883,-0.04347591945218976,-0.37213400421114295,-0.07307783618039071,0.20442520431431907,-0.9475989560432979,-0.4200850612546883,3.6299506679096516,9.128933572759658,4.109043448603378,-5.956189871943426,16.222277964550845,-1.844327269878679,12.213581831064458,-39.123903475883225,7.065102692373496,-10.306938824727283,-0.49675987854727693,-7.483070524533179,10.093863496342895,-16.78189058114519,15.086239219813228,-1.4257027255533605,0.0
1.1490618129144963,-0.4477911225029994,0.7358039359224698,0.9558509598474307,0.011208014686663175,-0.04451457942401263,0.2902443370407622,-0.42616239563858466,-0.04950032273194816,-0.059426998668869024,0.7641422045501776,-0.23886153146670244,0.0017933490883664705,-0.11149455319253782,0.008269364923812401,-0.089632079044411,0.7726482281372952,-0.568910167311748,-0.031894262131691824,0.059774818238087966,0.10929937264296961,0.05430647918233377,-0.020752949252888824,-0.2593919569524202,0.10779560397671765,0.3283673284663713,-0.1458290638168788,-0.031317746523947414,0.3210180837537303,-0.6465671788516204,0.4628125241031927,0.7675011695568263,-0.02484550363960526,0.04814699925613965,-0.5988124897804317,0.14215121871334752,0.06793062705613827,-0.7043562784078922,-1.3395872533264461,1.1128241227169198,0.5299672790830476,6.536442645296229,-4.395486160756793,4.423440112709942,4.521591540572189,2.3266506830562763,-27.852489458128765,22.244982415743205,-10.917500004234526,-10.631653014059912,3.719129581981036,8.197203472874449,-1.611760041336676,9.721159559840899,-0.9297155966013257,0.0
1.1501549135922526,-0.44594969335057316,0.7369865763918052,0.9554534678847674,0.011349495403502418,-0.04647020942147898,0.2912393848664377,-0.41966839335635275,-0.05163266795743581,-0.06080728768031767,0.7664894638877168,-0.24773214076095756,0.008763145513532336,-0.09770998706801345,0.008570110070863831,-0.08906578798227913,0.759577990711602,-0.5651615854316675,-0.031066586803521593,0.04837711763973186,0.07712442177274133,0.059806980159112275,-0.05050938121504956,-0.12379260859900078,0.10064771806150312,0.2849668460687723,-0.0724567077221076,-0.08748517591465298,-0.01123449184941398,-0.2959346683075184,0.2662883045353085,0.573694033702641,0.05211805837969515,0.044754923322872134,-0.6330514538039597,0.22782075014859626,0.033623700672184724,-0.8477367431692047,-1.7140357033140308,-0.16116757824431216,-1.1306808477405446,8.405817116009654,-1.3933303595311672,-7.162032422231555,3.8079328680511897,-1.1776880794775575,-11.190382303700492,14.605013035582315,-8.123367533204261,-16.407160982414656,4.308889685236896,4.031758982018905,6.8749321133250385,4.4425365869557885,-0.03105571584861623,0.0
1.1509871908523779,-0.4447553536666526,0.7381712381498674,0.9551460142710266,0.010977223405863577,-0.047178134611616025,0.29214690757055256,-0.4148907803349723,-0.052655121410855474,-0.06290099550560938,0.7638384148164079,-0.25081888422937604,0.012722314480231584,-0.08854320793839333,0.01039929274357351,-0.08711982249560835,0.7474502061042031,-0.5603725301386394,-0.030319580968280073,0.035117487190607796,0.04498034180155943,0.05593491423288412,-0.04970181015746239,0.0028153221499952943,0.09701474369624638,0.17408008638433525,-0.03745642871545398,-0.11454663833551948,-0.1940560753964018,-0.06064478829192515,0.1476139831455604,0.352773917325432,0.14759835255358505,0.22182470252631553,-0.5745072717490791,0.2222092137090447,0.08392844401574026,-0.7547236947990592,-1.6779963663995496,-0.6782903763871652,0.5672709360013007,6.9649830863111895,0.6088324652460942,-9.485976748218357,0.6644088679497905,-1.2548782976063588,-3.305639361863205,8.307405017183282,-5.001333241496808,-9.976918705484856,10.859285039402732,27.80694906314926,0.18843370875310336,-7.764557800746429,11.829361160711102,0.0
1.1515554176059688,-0.4442123399357606,0.7392348338922726,0.9548858967334346,0.010518533717571688,-0.046771428271028,0.29307800696316944,-0.4123137141643634,-0.053502403930140975,-0.0652353812277802,0.7582788807879335,-0.25005453302824693,0.014913408589486242,-0.08373315536620217,0.014678139807928538,-0.07806273745893219,0.7377072562776421,-0.5568567659173658,-0.0261769569337776,0.02237770022113174,0.012360670912687948,0.049556128644810585,-0.009918711101884803,0.09504520959093359,0.10646033228752624,0.07343860413433252,-0.04974543065233397,-0.12264605126410448,-0.320220104422953,0.10786751347724534,0.07392293764094232,0.1361500138652713,0.22207771284982994,0.5074059635197825,-0.4040516825473327,0.16549577532103452,0.216500913166189,-0.6918462118918177,-1.6482533650969875,-0.5075208140559794,1.758765037674883,4.859898918003498,1.4402970829935404,-7.333298730847199,-0.9975785975192002,-1.0422661842751064,-2.726141002993463,6.744767005236243,-4.089138561616615,-12.169563381201767,-2.121531873969897,-3.097834346873539,9.811031725373494,0.2980154825370346,-4.063339904759873,0.0
1.1518617319902698,-0.4443964513958599,0.7402048411016359,0.9546415939377448,0.01020800320478196,-0.045430939476950566,0.2940939535808471,-0.41167284117464503,-0.05455129054212551,-0.0677527299803447,0.7502644348503859,-0.24616926440229508,0.015840169170282564,-0.0854906565540132,0.020062891956173227,-0.064823483709885,0.7363580283531741,-0.5517822504802282,-0.023139550053072763,0.011345523975768875,-0.025683002614892446,0.047574925256722425,0.03178429318683351,0.16038546432828776,0.1226814681006607,0.0023939453441930558,-0.06298291825957003,-0.14325453272719357,-0.4473180628230391,0.25414794992068096,0.021367427118261065,-0.20432905633860046,0.24812842952221337,0.616326774514415,0.09364646578423211,0.30035114492392556,0.11146480276283177,-0.30684105748120843,-1.7423844151676229,-0.12440547562120959,1.6456768153054382,1.7682315099761414,3.271519849463414,-2.9318123418097577,-1.606974138324138,-2.821143190624565,-3.713985779615622,5.6654577406310915,-2.339048841586428,-8.18001831163269,-6.491128635919498,-16.81474659588234,9.69065263780222,2.5371244909392794,-1.1918950260641892,0.0
1.1519625087693774,-0.44542625769557814,0.7412122907415952,0.9543949777968922,0.01000637465792404,-0.04337095224409147,0.2952101951554425,-0.4123737633741327,-0.05547958896991165,-0.07075155308225507,0.7395239556428528,-0.23947992999691786,0.016118927248220297,-0.0956156625891714,0.025592968613829488,-0.05211855469204448,0.7554683732685902,-0.5507362425938723,-0.021239653931512375,0.005399288423450994,-0.07040950046588805,0.055286976947579516,0.04594539814132272,0.21087761744145214,0.14274868949917532,-0.03470105070939693,-0.039951832734903776,-0.19237318277264726,-0.6007974609052992,0.3902804474744773,-0.0003252121587122383,-0.5583789483559671,0.2638543356839446,0.4853048461302768,1.1878625112595673,0.05660750162015411,0.09290263417153471,0.3896086205379323,-1.962583362445444,0.6785345102799033,-0.98516260235855,-0.7295563078305067,5.503443754355313,1.8933435016840536,0.509052949578304,-6.900917940839159,-6.209765250796688,5.328457706038763,-2.0092005613241417,6.237737191144274,-2.8675391162180066,-24.567199514957707,-4.0415267144549745,3.1233008966752336,-1.7419638000612545,0.0
1.1519530021244784,-0.44737225167306127,0.742422708260434,0.9541290054154621,0.009672275133309887,-0.04072747993525035,0.2964549889895088,-0.414018049608809,-0.05565593293851531,-0.0747306959142043,0.7257524279678501,-0.23016194663029255,0.016041533684962715,-0.11240494285073593,0.03170877714714046,-0.041235855698739894,0.7946778513123485,-0.557353984757265,-0.020509220423110083,0.0016530859390349263,-0.11654456215562363,0.0686774185038912,0.039168802030334515,0.27100262813732773,0.15745040288286555,-0.07458481066452607,0.010843270313263056,-0.2512967598002474,-0.762200380361913,0.5210014652023638,-0.01988864035855445,-0.8309364598880647,0.3034325733143442,0.426668336915845,1.9856269806117763,-0.3305922446147528,0.015804744224966114,0.6550640199248983,-1.9772118701593782,1.0712530686765622,-2.571777268181266,-1.0159928931648095,6.0606817033414515,3.381562992728555,2.152202953433885,-8.448674816433911,-7.708904835278233,5.358063242582757,-2.890365154743352,14.877450001379007,-1.8354118875225858,-21.14259141126184,-32.26817476068233,8.808261246693576,-1.0504097858303474,0.0
1.1519038897139375,-0.4501539588043129,0.7438807903574759,0.9538528335443806,0.009135770111834328,-0.03761334812851934,0.2977692826441013,-0.4162391770691537,-0.05478679890220026,-0.07958614768289092,0.7090873481192392,-0.21860415684499626,0.015483748182209994,-0.1319189069995103,0.037446393928306676,-0.03200753587053206,0.8401750765045332,-0.5695359691533693,-0.020085677793744934,-7.469973967460901e-06,-0.15545796354569738,0.07900252269214733,0.03607105953337868,0.3197330598689564,0.14958237817473127,-0.10279847854729468,0.06742914306643971,-0.27788291728418285,-0.891295118600611,0.6176008864396249,-0.0471538335643108,-0.9070706405783092,0.24745955600062491,0.36522320745772774,2.04296833682157,-0.5632688165203532,0.015069819393541607,0.6107024043244953,-1.7018243420652663,0.7525850948781219,-2.2920000366213236,-0.915542582458748,3.8644754714674128,2.8227376527257557,2.7054748984133408,-6.264149439102206,-5.735353638959063,3.626289079852752,-2.7971331885059465,18.031852616074886,-5.439382289865586,-16.678813997763427,-51.03800884144065,12.359002708837659,-0.654716098236767,0.0
1.1518709139685794,-0.45361372568862646,0.7454832510949533,0.9536084103725947,0.008503499619417581,-0.03422221553354883,0.2989774742766591,-0.4186326270872221,-0.05288799842460726,-0.08487189263321279,0.6903154995585359,-0.20551188559344613,0.014071869000971323,-0.1503258386999057,0.040860923969303325,-0.024735268895928027,0.8782796819220338,-0.5833386233456473,-0.018167635626526898,0.0007063753952706239,-0.1863179085613786,0.08162147566542448,0.03975017848539912,0.34307584932325075,0.12190648650704605,-0.11449773660548777,0.11892553524608325,-0.28057334788854776,-0.9667406088604512,0.6750487923872373,-0.0941939167678459,-0.8255992714753536,0.09818383028236671,0.29152572299375346,1.5418754916736555,-0.6184173325007383,0.09285047083705725,0.4768054754727132,-1.4312583945475705,0.11575086087519997,-1.5266519806332464,-1.0026899317493783,1.2241780088474141,1.307604083878212,2.908607837050215,-3.3691198812734537,-1.6951622429767448,1.2760327731552956,-2.869108126333801,16.041369521696307,-8.151540679680211,-11.2225227648819,-52.29116715127483,12.438139247309413,-2.012953208441196,0.0
1.15191603553494,-0.45762677673066726,0.7470647564816721,0.9534109421134693,0.007875925530581659,-0.030828418043430644,0.2999919230517412,-0.4209213221778582,-0.05004367677382474,-0.09040089643689853,0.6706927662583645,-0.19174366061824974,0.011547698860618839,-0.16517747392172855,0.041135178208041336,-0.01892835120109582,0.901517043276369,-0.5959342674825161,-0.01461033634835159,0.005145085189735977,-0.21237457362623866,0.075663974527465,0.040859778131878535,0.3342177121830174,0.09517687941596849,-0.11546576252442312,0.16539435296155125,-0.2855313747701005,-0.9697292825893972,0.6854302009175581,-0.1499778266253395,-0.6436105239187481,-0.052853573609121136,0.25684052560217213,0.7988064748710685,-0.5537707899733657,0.16468584873161993,0.4105506553257552,-1.3055458313582438,-0.5326939442434251,-1.0428591248994532,-1.4239385869633099,-0.23650793385212768,-0.5101774153398229,2.8331140289618904,-1.713813848122269,3.3454562521749476,-1.4908770905066175,-2.5288030839263635,12.19090491530322,-7.252406932795523,-5.666692520329105,-40.63227529527928,10.46448981371685,-3.4794666838913892,0.0
1.1520836505427268,-0.4621249683858242,0.7484470912661721,0.9532431854324924,0.007340111190479669,-0.0276356870254299,0.300848501736102,-0.4232340549181963,-0.04647848332177003,-0.09616581656386315,0.6517131541723666,-0.17820155722160355,0.00803235227813008,-0.1755470980057231,0.0384520715273048,-0.01381639361989137,0.9084192793183237,-0.605605458405561,-0.010552800592964467,0.010820734338141716,-0.235703363814924,0.061020770355299514,0.049960582495306466,0.30936657669161244,0.07719334625757185,-0.1313395007570878,0.19189151656410264,-0.29030387656623313,-0.9013855887288336,0.655387541805045,-0.19153982068676678,-0.44345414141879974,-0.19837188470694048,0.2410595012541536,0.08057163836415976,-0.41772636623232,0.1788952750946833,0.26265287071846444,-1.2419031750274836,-1.1127012007010935,0.043647742242137785,-1.3215478895482662,-1.0422968346568209,-2.8988778924446668,1.716810666598891,-0.3137002532996263,7.697278251601233,-3.566468241637338,-1.4325470872616577,6.300872223244872,-6.7038726306437715,-2.2871130549868166,-20.97267842032267,7.348530947524109,-3.9086195763655174,0.0
1.1523639683794171,-0.46707508922830654,0.7494458154542483,0.953088113907586,0.007015163031518168,-0.024631182833939027,0.30160759182739644,-0.42632430301324276,-0.04265031652246123,-0.10204609116353283,0.634951796982812,-0.16568268112711568,0.004068207757410847,-0.1817860909899128,0.033191160420402266,-0.008600281474273908,0.9006967565099807,-0.611550629113631,-0.007105211541855136,0.015367254320388669,-0.258034961185898,0.03761874698002504,0.07237387677742933,0.2897525694123229,0.06689711889263751,-0.1940704625734127,0.19358041592215353,-0.28968623926766496,-0.7574082745121917,0.5903280524867632,-0.20607418667758606,-0.26620178231988695,-0.31522284074526813,0.2711802859692221,-0.5655250469652807,-0.24885297570523618,0.14501609475302835,0.08399538400352768,-1.2320894927741677,-1.5877461113355233,1.221200065976602,-0.5803709967572598,-1.4382033760785575,-5.657333551386058,0.4468397494409866,0.8903356926552206,10.986569690311168,-4.797209379253398,-1.1876063446196838,1.102325745623776,-5.575765285728598,0.6262833381867208,-6.118091016861372,3.7133316025426417,-3.3992194017390878,0.0
1.15272230874685,-0.472441519782482,0.7498647548942037,0.9529211294064062,0.007019072898249775,-0.021659969423152684,0.3023621991437673,-0.4314391621438746,-0.03914870840906265,-0.10781412470095786,0.622262704650834,-0.1550315554843712,0.000402527463783954,-0.18378326013326415,0.025718282975740303,-0.002503367630156272,0.8770618488832138,-0.6132996102176811,-0.004581495095848295,0.017320398503031003,-0.2779225098638185,0.0033159809477881323,0.11595397891341523,0.2862010589154932,0.06408350212376107,-0.32839576772594925,0.1615118820085188,-0.2694566398501786,-0.5142262232641213,0.48226385439322556,-0.18569305004194256,-0.07800361106946482,-0.4266098696903352,0.33423980641180706,-1.324062441649942,-0.038776810027490435,0.10298305383301419,-0.22203980292337824,-1.1514290338833828,-2.1935480514152164,3.1465164793405154,0.7481259985904909,-2.257999757992571,-9.302535916972305,-1.38165145031572,3.2062046649080895,14.555956932089943,-5.806343635256266,-1.3876108127276354,-4.8835349800291965,-6.164212573151913,2.9347072953679576,8.052011090181015,0.533602689652763,-2.6191952828681853,0.0
1.1531444860789268,-0.47808232338041234,0.7494431574169852,0.9526481861646818,0.007592479890907808,-0.018599298048024304,0.3034103718701245,-0.4402550006929658,-0.03722111352016592,-0.11315614221622074,0.6168285887769843,-0.14767078759061272,-0.0007182576408108515,-0.1778911259222808,0.015218549121531798,0.0038793455842789067,0.8244689578006306,-0.607503457034184,-0.0017130670743933925,0.0169516383059065,-0.28803932323619164,-0.04813711282620608,0.20205077885895875,0.2922104465790566,0.089116742902562,-0.5685921231789246,0.04755017064716203,-0.21515905151772874,-0.07970009024853211,0.29138117509169265,-0.02625670811690253,0.3218003333725379,-0.6098522288344599,0.36016873092656837,-2.882658513614574,0.27144688045579146,0.12857895021876242,-0.8881173175281804,-0.8397402444119135,-3.357324968985517,7.396927246793539,3.424235534673296,-4.755622977867501,-15.548750822982985,-5.037852358297985,8.830736023024171,19.812874854776055,-7.05841413035839,-2.3161765474304548,-14.546512917296333,-9.789572119557112,7.201966631812024,24.34567206582051,-10.3145549087808,-2.9254559566628413,0.0
1.1535895961667844,-0.48370022388152273,0.7477740424428779,0.9521307139627333,0.009346011021688142,-0.015304492029524427,0.3051647557148679,-0.4549316870748889,-0.03893009368710675,-0.11635377684955428,0.6233331077662027,-0.14559461936475948,0.004985612415131657,-0.15706604722143894,-0.0020534835702087687,0.005008749252696986,0.7175107461939536,-0.5824019523322663,0.004680567387489733,0.012325905498485662,-0.28080116896604335,-0.12641240459270248,0.37359185329146194,0.29326667715815663,0.14112225731854158,-0.917077813749121,-0.18286886183583367,-0.048253683881417486,0.5874110667904695,0.01927560317173923,0.2257608418540468,1.0573949449594973,-1.0194730075200449,0.03228126924984773,-5.706792468513938,1.2084059578178734,0.30949668436438016,-1.9435259195322387,-0.41204773036393594,-5.437435059127956,14.059050517508135,6.8920293537579,-10.255179250172654,-22.862291146046562,-9.221758628717287,17.35187786372143,24.77300932894479,-6.781762872300742,-21.653121077990548,-34.797497537751994,-13.828069272106898,10.837135727613754,65.7809963171259,-32.06112504596036,-5.860836745558414,0.0
1.1545372853813556,-0.489468236455711,0.7463025646445364,0.951305801542981,0.010154502017799655,-0.013362360408406777,0.30779149657479443,-0.4684136910416471,-0.03786963687574968,-0.1207238216957829,0.6326068286581318,-0.14538837408130437,0.013249966957592134,-0.1539915879906942,-0.01312448729508621,-0.011481776382779666,0.6660605599964892,-0.48058672402470937,0.00647526612554818,0.08748972265808652,-0.2922244361848584,-0.015616392108312184,-0.08850017617557343,0.01194129474073443,0.4200292163372447,-0.35904458921307614,0.281793981367309,-0.4171126297034883,0.2566205292136312,0.0009374660038805995,0.48908958720304874,-0.16307809307551033,0.10913930168315983,-0.8532985920111229,-0.3813948874509949,2.1850933277034885,-0.26291322845384957,5.0741530870624585,0.2599516057835065,7.370395566148213,-26.303763951275904,-19.818514060275547,20.209534141394755,43.00017643186189,24.323311308094688,-25.061424744861323,-29.586461545588648,-1.0396602271429414,9.282346965497592,11.618701565376483,63.103930064711044,0.05655114718106358,128.68993530698432,-347.8099259394175,-35.34271603888733,0.0
1.1564630071574318,-0.4951461912026947,0.7467743130667512,0.9502089401681854,0.008358999946057828,-0.013434143217515182,0.31121153728672335,-0.473609189184495,-0.027622208547801667,-0.12589594946241292,0.6327027905392606,-0.1427898665946764,0.02520410455801466,-0.16123672034590608,-0.004904538001364018,-0.024349583688834976,0.6734241163365567,-0.47339169877539927,-0.0018369747042276865,0.10584084887453876,-0.27274469586801214,0.05256732726051552,-0.22087238631796643,0.06317136387453862,0.33978421788159496,-0.15784656983823853,0.6696756956921166,-0.14960386922316865,-0.1862509205989783,0.1729886232482889,0.6366630017122846,-0.30029814932092014,0.5495667666854304,-0.5723142245226027,0.38293313118457145,-0.22948412133550983,-0.4743385985006399,1.022139413632061,1.5321304274008318,2.8842853887093307,-4.370506863261829,0.8171515036596009,-1.108244309373315,10.684766755851214,11.060653644106434,6.4078593559689985,-16.170500953441955,-10.875206763729624,-5.753378308220751,17.575645162454663,8.495732543479576,3.297787891135699,-28.85547508559103,-16.064191298738773,-2.315048925642417,0.0
1.1585230063278709,-0.5001755355112175,0.7480196594160285,0.9495115542342553,0.006491729050751601,-0.012925730336201171,0.3133984545667948,-0.4751842221084316,-0.013872168685002238,-0.1262343773821823,0.6252832439104071,-0.14124400435496118,0.029537787695699456,-0.16698092540389928,0.0053716204950109625,-0.032644842757582344,0.6784634746919529,-0.4786447792748037,-0.012496560464498528,0.09970729998113403,-0.23314940937017392,0.06791316301454096,-0.09979299673781374,0.14293737871331663,0.1582706801023763,-0.03887658397781233,0.6512976634850357,0.06441879233733805,-0.47166026555132423,-0.0019413671822093165,0.08613111765124354,-0.2604580379519168,0.4582239461087326,-0.3052772182241512,0.09882849816794967,-0.1893258143048716,-0.518433429845574,-0.47179902107881966,2.081696383142216,0.39745512236061487,7.0338328641794,4.058582754768288,-7.2378140385610354,2.3141868674167263,-7.934061187694851,6.513326245587058,-7.031236890423791,-10.557835488178965,-3.6238754190011297,2.5305339161772538,-7.888214900213118,11.159510136945517,-16.866478430422966,12.019507465793673,4.892348316057739,0.0
1.1605726357076742,-0.5044179476935295,0.7494423469266833,0.9490236153357221,0.005517605618059974,-0.011738246814858556,0.31493800520907506,-0.4743281431746903,-0.0029021732535377764,-0.12555267220486369,0.6134411997580803,-0.14074657227065274,0.028414442672308273,-0.1698147952065109,0.013004522191917545,-0.03839773587646513,0.6760541608859049,-0.47975579648153205,-0.023102554126949386,0.10303142643525312,-0.19534487953326196,0.0709112022843005,-0.011230127730171936,0.15100727201957784,0.16506920356087007,0.06815003289476625,0.4502570928030056,0.01709459230721014,-0.618575862932855,-0.018970719426924423,-0.04860521518923628,-0.07996063552652567,0.3129760407302391,-0.26626373662265984,-0.2451645649860036,0.031309754505641316,-0.495326815814132,-0.058962077856910225,1.8233916533481191,-0.24542046956969318,4.793526526197201,1.3145296966664664,0.14544616286233591,0.17119504744620803,-11.614068577937202,-1.6491166500582177,1.512886263050209,-9.239114873827383,5.121561771128965,3.9849947422623306,-7.856085259772337,2.9056210709233707,-9.228909889060706,7.428756514637887,5.994204360087865,0.0
1.1626913147980675,-0.5079861080544514,0.7507546204729667,0.948455474993721,0.005133106623947122,-0.010346955754952888,0.3166998637155157,-0.473344691914718,0.00486360443985872,-0.1251411437425916,0.6032463761769024,-0.14515703824707282,0.02775824899733896,-0.17009774781699352,0.018260736792412583,-0.04380102717779905,0.6694394979749093,-0.47775821638765265,-0.032428705378321834,0.1073017130115863,-0.16446201515191233,0.05959378896893052,0.030984656936042385,0.14241856125493446,0.19517316100002555,0.033502761116195164,0.3259193234454616,0.01562133286857038,-0.43691183552557267,-0.31956125081953674,-0.012324820021504413,0.01490632981421083,0.2179537310434893,-0.26328542267182137,-0.3573260613545842,0.1253581929360748,-0.42297096433075754,0.07862601341813646,1.5516623565542442,-0.7966864702981604,2.63972872107662,0.026328738751907804,0.649503017111911,-1.7908769808532452,-7.686903294488533,-1.2001567955593127,7.143101730827409,-7.089547181239961,1.553523061902722,1.30293023254195,-5.189747790305057,1.4877474791197831,0.4163529520142293,0.533862551491418,5.619086639227363,0.0
1.164925415489369,-0.5109364128253555,0.7517746113279554,0.9478286332297302,0.005116400280592022,-0.009173351100291936,0.318607209754613,-0.473387392794532,0.011694905433568926,-0.12300157349827401,0.5987096433139638,-0.1573301709229979,0.02780588479265681,-0.16858397145335566,0.02205184821621872,-0.04900545900919972,0.6620732900426086,-0.4750585004136091,-0.04031782595252709,0.1145990551032458,-0.13308105432149242,0.04312107529895114,0.04872145639639519,0.08954159382802943,0.19999768930017695,-0.004025646359444843,0.3276040049374593,0.14786086130232354,-0.1371552046648226,-0.6589480357685792,0.018029360861774528,0.10934901855167373,0.16113160501492027,-0.24862327514372817,-0.34749235859572464,0.11819558584809262,-0.35775142199183585,0.2419110710198901,1.6193971439740926,-0.9524912943288225,1.5339084046756266,-2.1114411603844334,-0.2205806393943638,0.6118437297492562,-3.664749866111684,1.939008522563272,6.343833558543993,2.8508400997867342,2.225525238245187,2.1535319279560867,-3.514747866600039,1.751542308719838,4.645495181566125,-3.4996687227267116,4.44793948120104,0.0
1.1672630770526051,-0.5132609261166486,0.752373087522211,0.9471741902876137,0.005364190457107527,-0.008458467523870333,0.32056314984865214,-0.47557147099012853,0.018842426198839572,-0.11747646935307172,0.6033557804724408,-0.1790976008578925,0.02866247094932447,-0.16592745436463952,0.024782918937650177,-0.05404925265809404,0.6564284922803854,-0.4734266289853777,-0.046991317322635916,0.11906534177628098,-0.10088691131290108,0.020089064533660335,0.05482740180011542,0.032264681959630774,0.20543827782066854,-0.11393597148054198,0.3421888824050929,0.31902306666819263,0.3358930550687782,-1.0692554645863221,0.05790456231800333,0.15649896366892171,0.11052940914207246,-0.24330317081192518,-0.22362866175675497,0.03733271039784888,-0.29891757793596146,0.23911053110097202,1.7906450322751952,-1.0099461396542497,1.1300942616567886,-3.2217653045505488,-0.2766434034662122,3.753002012722623,-4.822615151028647,-0.09572479635643627,1.4677401992825947,17.817883837797478,-0.9739025166573454,2.7494011703146866,-3.283571311129944,1.650644753928416,6.74129701534568,-5.643683379175977,4.675317965218392,0.0
1.1696285374215998,-0.514917543722611,0.7525023576335165,0.9464871070013383,0.005900765147080974,-0.008223409768462447,0.32258287738609764,-0.481788565852991,0.02604611138031511,-0.10565658478835183,0.6258741987941162,-0.20558542304408717,0.02801021786002245,-0.16275226904193127,0.026249210569302555,-0.05895347764488694,0.6540028811936237,-0.47393911848260034,-0.052363687518078635,0.12027421988204699,-0.06452691450769825,-0.0015500646625411594,0.07243621415784879,-0.031562438435506344,0.2160747102387345,-0.2599271391305875,0.3565218854492488,0.9007615002694551,1.3054385352547975,-1.2309449454795323,-0.0611681255270948,0.19671926530488865,0.036227558788134065,-0.235248232919917,-0.06063669981892556,-0.08674916897843196,-0.22730854168400647,0.31472122344090836,2.24278157730587,-0.6672988267282044,1.8641366051615418,-4.7224509900670295,0.7500522973130359,17.5662335532039,-8.804573065760614,20.283340132834642,-8.069278238145989,25.200055999328278,-1.5046450241887284,6.0419790711733565,-4.836376282123818,1.3716659164602718,5.272016380749798,-7.177856237021161,5.2969935338508884,0.0
1.1720098398685237,-0.5158084341838256,0.7522373776438169,0.945741810025385,0.00672238983106224,-0.008524062268032134,0.3247377073998613,-0.4890936039761768,0.031052615444867527,-0.08546781521553365,0.6679550057868865,-0.23606625463023367,0.02484789167898286,-0.1587000739436558,0.026396010195691634,-0.06372908697584205,0.6545976940239384,-0.4770492129290883,-0.05658971462480454,0.11978806926156485,-0.02565813443058818,-0.016987555038019776,0.08169191938073604,-0.08260677048580349,0.22750222168928974,-0.2497028730316801,0.09653572009771111,0.9272770836920501,2.1356410132316457,-1.300272771733463,-0.15851651021710136,0.24150275813904848,-0.027535597665866524,-0.22324713619584083,0.062304107369821914,-0.20193496927906399,-0.1766496352913382,0.1684343185082495,2.198568791630009,-0.08959379077533154,1.8415782326327386,-3.418796090201097,-0.7582317305797692,24.040270755245096,-20.12616497647811,-17.76375476077547,-32.085440517903,35.107584797219246,2.1446886357783246,5.847604914871133,-4.181040954857193,2.842868333927369,1.231493032164848,-4.313346383824716,4.6450947364062944,0.0
1.174362508126378,-0.5159737107128156,0.7517255114755563,0.9449951856725703,0.00766961524395004,-0.009134552484804888,0.32686669455387324,-0.4953337451794494,0.03067305623896889,-0.06821162696688342,0.7214290972970202,-0.2676905250043508,0.02060008116703787,-0.15406242590087013,0.025602198773057132,-0.06809052897607448,0.6571675711828358,-0.48204522973887376,-0.05996723097168053,0.11740723137305903,0.007905557653023807,-0.026906931832501375,0.0767627986867263,-0.09899696626395679,0.21263410486331694,-0.17845216010114456,-0.14186575644069865,0.7444296302657714,2.5134709859994064,-1.354233573170981,-0.1958221021844493,0.2546567882731415,-0.05962384816879777,-0.19545529588060448,0.13913399978494792,-0.27370131913011664,-0.14204444722764312,0.015569950821254314,1.8487456979307775,0.151759385903709,1.094201966453637,-1.1317365473669563,-1.9476780557535063,23.858987485305512,-15.315598528768907,-17.01652524835536,-50.09912779838904,35.283203270856106,3.3405189826796966,3.4290278025373504,-2.610446084115734,3.419050294869893,-1.0403652848724274,-1.6611339010197004,3.814028757279774,0.0
1.1766729849370594,-0.5155225602117658,0.7510675810663195,0.9442633253055742,0.008495701234697254,-0.00983393632744467,0.32893447560220296,-0.49968476431908915,0.02615252510201042,-0.05512004375701727,0.7775497303329391,-0.29909181747823643,0.01609863818090597,-0.1491037948805709,0.024388791508462,-0.072176791517045,0.6605175970413094,-0.4880720464593865,-0.0625770279018525,0.1150016211384925,0.035926627176624044,-0.032772631010505704,0.05344903736672926,-0.09021030691456448,0.2132830377758967,-0.09882641346632531,-0.30558072770926903,0.5632214167923175,2.5305478768356666,-1.3449603322750465,-0.2011384374672508,0.26363326182038843,-0.06960916622888172,-0.19296956286122036,0.1551313860062292,-0.3087621043214868,-0.10550956664857986,-0.038297755009540004,1.5051145130069983,0.2675527982867294,0.017617869444139067,0.4808818077641041,-1.3101178681749015,20.32752389360414,-9.1492863376678,-11.132630500646098,-57.85082379596427,33.73581263592296,3.7195473897665283,2.1627143568484253,-1.217844020679064,2.2469015946427757,-3.1267042447422377,0.12163627931978782,3.3683076129176706,0.0
1.178943909702789,-0.5145514402829455,0.7503367413009865,0.9435067177627982,0.008986330895018935,-0.010482095674201657,0.33106562047997773,-0.502175533355813,0.01922435463119903,-0.045075207906665464,0.8303620816428706,-0.32901085574311073,0.012208562971069807,-0.14386301239424282,0.02315150302709027,-0.07638185924010549,0.6635819683055764,-0.49446575721165015,-0.06432150250233286,0.11285753857184443,0.059754074118444564,-0.035591198334214855,0.016508300216742086,-0.06537814481436156,0.2257571830497077,-0.031192367398899343,-0.3833352078468957,0.44869530710788935,2.318392434022173,-1.2819037314796922,-0.16825735140585285,0.27240317512142787,-0.0616299038507768,-0.2071221125813501,0.12601439799997607,-0.3157200551337334,-0.06439412089160139,-0.07802858260968257,1.2485404332448835,0.3040251953432435,-0.8177493212750546,1.5391157432674953,-0.7735285071266883,15.759679917082579,-4.068623925622222,-6.388592660621627,-57.521334063755276,31.083044571751227,3.22621896576233,1.1625217400915748,-0.12032520170842306,1.344539158444345,-4.193265695681906,1.2065422049213532,2.7524281966186477,0.0
1.1811739787503368,-0.5131173718116258,0.7495887782147965,0.942715275797893,0.009054079009842063,-0.011002239443702572,0.3332939890814252,-0.5030104069933244,0.01139424741399043,-0.03656652557890033,0.8764162908883514,-0.35648100253792964,0.00938987065227143,-0.1383484139024399,0.022085813909741212,-0.08081511474644382,0.6657366535873159,-0.5007698551581737,-0.06515557238959174,0.11045013467186351,0.08192412666629821,-0.035923353170685644,-0.019836545746669033,-0.03557936350771908,0.23614525706070294,0.029664945531882706,-0.4021537458879392,0.3987771569963735,1.9792453896675049,-1.1763528704801873,-0.11882720252568653,0.2820683100271973,-0.05064422437909527,-0.21863072781488221,0.07637022441066056,-0.3057778429439447,-0.022162092681858717,-0.1341643597247485,1.1279974152754755,0.30299535976084796,-0.9952920481679917,1.988137839762567,-0.7865474355464661,11.71072225900241,-1.2268342881979883,-3.7587093333089525,-52.282057421017036,27.752404772862427,2.2483669992415383,0.4102287747282385,0.24406385943576503,1.263017992833355,-4.156110237440044,1.5660580665130412,1.923203116050336,0.0
1.1833561156532895,-0.511242004713425,0.7488624889910221,0.941901352416406,0.008708531502293265,-0.01138076800970902,0.33558379268779975,-0.5023901664383073,0.0035519159514546365,-0.028659588088858025,0.9142234086925507,-0.381009317941056,0.0076141550683314265,-0.132506635210084,0.021236367004528422,-0.08539354428075557,0.6666962676866497,-0.5067090659342164,-0.06525394639183023,0.1076907452612941,0.10361181257690957,-0.034838295850325066,-0.05358646121748928,-0.00917421422803598,0.24079518180970183,0.08454437200652601,-0.3900307494736139,0.3792925713309383,1.594776851016475,-1.050925284561572,-0.07377113590954151,0.2971245700019883,-0.03878911981176865,-0.2236607316042714,0.018481504662259514,-0.2861573814619917,0.007085581068547049,-0.202119515604766,1.0888204853252224,0.20948549924099788,-0.8894688746222943,1.812963896342593,-1.1281499855279256,8.5119047573564,-0.1150248355445738,-2.8592193090123423,-44.41473645741047,24.13788397860302,1.2880047481970895,-0.1419531623107855,0.2332893230297483,1.6197775206455587,-2.8876483904158543,1.1582091910830237,1.411665836189143,0.0
1.1854734370610414,-0.5089214931816494,0.7481663510044991,0.9410889861457297,0.008033109267360374,-0.011656517450884805,0.33786256808296755,-0.5004094265305629,-0.004044710004491574,-0.020984873900975906,0.943412259371302,-0.4024570533281088,0.006609904722403293,-0.12628558307551757,0.020490119729986316,-0.08991652791901986,0.666578365769486,-0.512261166896171,-0.06456677080771371,0.10400888092813955,0.12617495667280135,-0.033761712246099924,-0.07854747436441202,0.006767093032553425,0.23668390615982174,0.14296280012732177,-0.3774198766523391,0.37027142343034913,1.2008722635817124,-0.920351036608359,-0.041908671954004405,0.31800382993611165,-0.03652431756436292,-0.2161924106521726,-0.028603310039654224,-0.27019870256120626,0.05052583981259498,-0.24656069055519295,1.0977146675561809,0.14470519324506864,-0.8670346262705239,1.4452470637937607,-1.2977792087199553,5.981604884714078,0.10570058653633654,-2.8462786316506032,-35.97159752709271,20.647419739011713,0.574302529952931,0.032143314261698086,0.23275308790235927,1.8679579028299123,-2.4398037395751007,0.8501900311879175,1.3969727419301996,0.0
1.187515539277574,-0.506133709342104,0.7474971538951729,0.9402988324406905,0.0071384206908941955,-0.011936503423942283,0.3400656826948648,-0.4968623454627065,-0.011504249319683578,-0.013506885671534937,0.9638751580015367,-0.42070950555978387,0.005964889564136771,-0.11942870494252039,0.019704972372427108,-0.09418118566729167,0.6655135174865856,-0.5175203920839899,-0.06297302899905813,0.09992859826621166,0.14972713691873532,-0.033106189709239064,-0.09892630372306521,0.009267757856001427,0.22761764135600604,0.21188941854344512,-0.37261189463756456,0.35865988599279447,0.8052860709513473,-0.7831285992562336,-0.028865878941873792,0.35229161129363,-0.03890148608970946,-0.20132833823808435,-0.07050224754128638,-0.2592222210658857,0.09344272939867392,-0.298446149886177,1.0916728353385,0.011223898152712672,-0.9641539106024402,1.1103027958779672,-1.3911914990425123,3.468301152820788,0.05763709369631805,-3.0392242727846317,-27.148179456904913,17.12108938585986,0.2519956225486605,-0.09077423181218525,0.33797527197422805,1.94797495365962,-1.4445332076786468,0.26914462739736644,0.9804669523343293,0.0
1.189468274564707,-0.5028666146703654,0.7468284161182716,0.9395484428195684,0.006092993991023764,-0.012293326139770633,0.34214101354846455,-0.49154971055831576,-0.019041878498894632,-0.006347876500530203,0.9751694740792192,-0.43520799781479974,0.005192997803154321,-0.11187002004166098,0.018809500173776594,-0.09803256523511467,0.6637940721312025,-0.5226735752230709,-0.06056165349253927,0.09505185094291412,0.1735608342766347,-0.03456827796976319,-0.11666164451087914,0.004621524966719477,0.2129723016255097,0.29088913652983167,-0.378680726177005,0.3397811192160283,0.37867411119653005,-0.6174027168564191,-0.03751340138929085,0.3839965381906081,-0.04320269625452422,-0.17889041099478645,-0.09087213880000909,-0.260378519026184,0.13063248598309196,-0.34621223140387547,1.0482500747221914,-0.20747395161241936,-1.2777303393630843,0.8896943125259846,-1.432313732928238,0.9554705571880183,0.1727682755653571,-3.269377053974253,-18.678975604443107,13.061914242920663,0.38434345496140926,-0.6713770072179115,0.7211582732263035,1.9687026045263079,0.1896696915590757,-0.5240450635446695,0.43456860038443496,0.0
1.1913232406595455,-0.49912197006502,0.7460927567144797,0.9388492148856336,0.004923162304866764,-0.012804123133421622,0.3440551825105001,-0.4840899651191207,-0.026947243173485493,7.796304575766622e-05,0.976062181467775,-0.44453261679258027,0.003861799211493112,-0.10370171843977778,0.017831966278503607,-0.1013691587499645,0.6620129722807804,-0.5280753687503528,-0.0574641157370323,0.09003319531148567,0.19675071214877243,-0.04054192415399328,-0.1382665568262206,-0.006853151848972088,0.19689798750667462,0.38926356057829614,-0.3969807002329668,0.29452013205878635,-0.11664937878265208,-0.38150598761483634,-0.06437222479903523,0.4070407382296692,-0.04183588153413997,-0.1545583671120734,-0.07548947595003798,-0.2828336300547409,0.1608231813672849,-0.3611546119672752,0.9300122839603926,-0.5569915338023671,-2.079636276374452,0.8991293695223602,-1.1957951261447843,-1.948676169150006,0.8804219557448913,-3.742551754627992,-9.79953583634985,7.687438173415883,0.9508710701922055,-1.723098637940411,1.6471368216591213,1.4861213177223758,2.3411152098051353,-1.6797879877945319,-0.02417649631366243,0.0
1.1930921158473695,-0.494920426022559,0.7451733910070677,0.9382008669136513,0.0035991468427128206,-0.013567220653815357,0.34580646319611846,-0.4731615470994587,-0.03570900278523,0.004572273706723767,0.9620186534422874,-0.44635809251948644,0.0017008646753337825,-0.09512164169011006,0.016937256746133018,-0.1042057206805418,0.6610617357621225,-0.5343077114263974,-0.05366320151438096,0.08637186122850454,0.21806256015039596,-0.05406162813869319,-0.1722332591021483,-0.0270297795741677,0.1846102910618642,0.5687590692440212,-0.4367531848312064,0.17374209253938355,-0.8881501970781361,-0.02052716585360742,-0.10118401024950496,0.42057133217819076,-0.024303182369155,-0.13490573750723978,-0.012049075527379194,-0.3409636812577839,0.19781766282001592,-0.2900988195093177,0.6940498337174268,-1.1202317682155551,-3.727433200563421,0.9582976406594605,-0.20019205565097486,-4.892845850728169,2.56130540629837,-5.031251279081702,-1.0085628693846078,2.787504789522341,1.8769739128948295,-2.6612789750415575,3.550355845686244,0.20440664228685515,4.553605833160465,-3.6051232008013683,0.37425850717507325,0.0
