floating_base_joint_x,floating_base_joint_y,floating_base_joint_z,floating_base_joint_qw,floating_base_joint_qx,floating_base_joint_qy,floating_base_joint_qz,left_hip_pitch_joint_q,left_hip_roll_joint_q,left_hip_yaw_joint_q,left_knee_joint_q,left_ankle_pitch_joint_q,left_ankle_roll_joint_q,right_hip_pitch_joint_q,right_hip_roll_joint_q,right_hip_yaw_joint_q,right_knee_joint_q,right_ankle_pitch_joint_q,right_ankle_roll_joint_q,floating_base_joint_vx,floating_base_joint_vy,floating_base_joint_vz,floating_base_joint_wx,floating_base_joint_wy,floating_base_joint_wz,left_hip_pitch_joint_dq,left_hip_roll_joint_dq,left_hip_yaw_joint_dq,left_knee_joint_dq,left_ankle_pitch_joint_dq,left_ankle_roll_joint_dq,right_hip_pitch_joint_dq,right_hip_roll_joint_dq,right_hip_yaw_joint_dq,right_knee_joint_dq,right_ankle_pitch_joint_dq,right_ankle_roll_joint_dq,floating_base_joint_acc_x,floating_base_joint_acc_y,floating_base_joint_acc_z,floating_base_joint_alpha_x,floating_base_joint_alpha_y,floating_base_joint_alpha_z,left_hip_pitch_joint_ddq,left_hip_roll_joint_ddq,left_hip_yaw_joint_ddq,left_knee_joint_ddq,left_ankle_pitch_joint_ddq,left_ankle_roll_joint_ddq,right_hip_pitch_joint_ddq,right_hip_roll_joint_ddq,right_hip_yaw_joint_ddq,right_knee_joint_ddq,right_ankle_pitch_joint_ddq,right_ankle_roll_joint_ddq,fallover
-0.002742092829573651,-0.00030790836921754377,0.7906008599614718,0.9999830856588114,-0.000179361006181096,0.005811206164693857,0.0001615822477482965,-0.057676229940254786,0.0004201467355628266,-0.003115462880503189,0.12575090460614674,-0.07620349711929296,8.4782874088613e-06,-0.057466491293768206,0.0018159364874806387,0.002857105258171869,0.12564220745052226,-0.0761598821866587,-8.819334430303563e-05,-0.16200793399733548,-0.027549737136947767,-0.2088685850675784,-0.029501786664857726,0.6749651522098004,0.030203555557740742,-3.336942218318159,0.09522263661169854,0.008864727140834,6.74979116350912,-4.856315834271423,0.0031760460125179945,-3.3187216838383082,0.09464773822488161,-0.03005905709111833,6.745260344849444,-4.849684375643371,-0.020744537039857923,1.2119834910772125,-1.3205207749763515,-8.496214752843846,-1.061229183311672,-7.4540399342435535,1.7067277536511511,40.79199746795842,8.77264789627155,18.619438371247682,-197.99020658545737,-60.62183390919282,0.5493336857278017,41.65746489751464,-0.8989777295689511,-18.60402582903134,-197.48119638425644,-59.86622366906435,-3.51327730419763,0.0
-0.005187582879298007,-0.0014161781911271943,0.7874616711779862,0.9999252577103501,0.0001350053403741519,0.011124921032442996,-0.005069210833035156,-0.0872849032135606,0.021387216600010237,0.054896434394802844,0.16603384035383023,-0.11658344331816747,-0.003026531135174546,-0.13920930338590093,0.007461553490513713,0.012386876509212457,0.29016876906600975,-0.1541152075075621,-0.006698517311308529,-0.07668238216286799,-0.062302549838255256,-0.08540701658448091,0.24438686344558952,0.35426699421782337,-0.6768004719042109,-0.6453793101190224,0.7810384267989797,2.7195172989511156,0.6326891691241661,-0.3739517821426094,-0.32680820248381104,-3.857166322955895,0.009382845900368225,0.2222673201915809,7.8777664579587565,-1.9528779724890106,-0.1434199101715511,6.39493970985379,0.0038396465127432527,7.896532531905689,31.75039409830518,-25.882821599907434,0.2703734039404699,73.93255937193902,-83.66865034488599,-125.34629372618514,-63.03762014260419,-64.75289996070828,-14.557072613650604,70.08164580058843,-42.65920587419489,-19.269778190273254,-13.245003542223541,695.6241115625423,-21.967726499167856,0.0
-0.006195821691910158,-0.0028169385901156705,0.7870793847083424,0.9997360768773503,0.004663942217089192,0.014151438921938351,-0.01748602325627645,-0.07493096291921775,0.025193559919933665,0.09778067045634234,0.13309109091372,-0.1012981624520968,-0.0038858348075340903,-0.2418080460208451,-0.004420748022745244,-0.0023761585671157248,0.5326042925582707,-0.21404900313063985,0.05726292051064858,2.3045343771522717e-05,-0.09961260693649318,0.027421579195511907,0.47939692974931447,0.140951240139961,-1.3650767654471365,1.4641292770486465,0.048891404882163814,1.8698418563836674,-2.8006866014674032,1.1451756555188095,0.05459978373721691,-4.6902036135716765,-0.7107465018789373,-1.034255560982553,11.592622861326554,-2.268393334767649,3.29138286045796,6.547648342960145,-5.030311607675324,4.694236096245423,-11.470878499452143,-22.222979829414307,6.038449545517883,71.47374444603298,10.820712602973028,-15.88505598973558,-71.61250964166899,-2.098233447716672,-2.920657117460208,120.63546306708267,16.210167378534894,-1.8609980866935425,-255.81570347434024,91.05839047077892,-58.65875249770379,0.0
-0.006633171757022052,-0.005587999230424985,0.7875508016368168,0.9994276211164138,0.00916512890536056,0.01809306620374593,-0.027075293480982785,-0.06934979830067764,0.02227866430070752,0.11351223947724583,0.11130603433586753,-0.10476550351572345,-0.0038502300953490785,-0.33496253237976636,-0.009058403305061264,0.016122165301363067,0.7464032479050065,-0.3563504614095232,0.10105915265147664,-0.01775269909610636,-0.17534713418566228,0.03081926508195216,0.3623174073952849,0.5018580666597873,-0.5609816743170444,-0.2662512556740531,-0.14403104557952232,0.12820150888161497,-0.3062880587078072,-0.7901781340553802,-0.0515752896179733,-4.025174596933696,-0.17456148540820215,1.323990026456768,8.354808521823344,-7.188241049887606,1.685597104096087,1.5458211033829434,-4.373245933110242,1.3326807662243048,-14.843358707405411,5.626119153328291,45.03747970552465,-34.63874012062894,10.557457232175308,-56.88587237032872,48.14225656480417,-38.422321009945975,-7.102370182504578,94.42376245850791,-12.388304532241143,-12.465224501989365,-313.13930320145084,110.2835136945188,-41.276142594180456,0.0
-0.0071948139295614,-0.009496885857500857,0.7870673734123871,0.9992100893042277,0.013104568984235815,0.02409307175373926,-0.0287574616029388,-0.09535491154631079,0.023866484534710526,0.12041770451235209,0.13888254191508723,-0.12266782429477685,-0.013768332500517446,-0.40105894798013275,-0.010766777797244971,0.06448248022283978,0.8663657465202698,-0.5242990622246329,0.09030274446759548,-0.021194008673213326,-0.2087845520289142,-0.06617178117711256,0.38282786692152027,0.6183459274889909,0.13696585329144895,-1.6950849076784105,0.17132348774642617,0.3724612003405954,2.021992491197806,-0.6037255653097164,-0.618005373610849,-2.5670432458335224,-0.33212192305915605,2.657690714433745,3.9183612858973853,-7.642335622808177,-0.8653167458223278,1.72974901432428,-1.2681686886424102,-4.480577895602369,0.23140497086827186,-4.2500043474570095,31.825724802391704,-14.307937196178711,3.9493443723177197,-5.181857690836091,24.09835947618674,54.10938485264202,-2.8079730738571698,86.44721082522202,-47.879463432401984,-10.843783541958803,-220.62387746129232,136.40206616742577,6.332748151805514,0.0
-0.007650889678093367,-0.014403430876272603,0.7846566510435091,0.999192500879813,0.015825631310430365,0.030462573141657897,-0.02087887010258315,-0.14889205232130115,0.03540314657348948,0.1261738847915269,0.2120046211554434,-0.13797998799319702,-0.04197854751550829,-0.43000730105407425,-0.03343717535288257,0.0887626622899452,0.8841123975498727,-0.6060495402928808,0.07524669110924649,-0.009275634704282266,-0.27176075980934505,-0.17200843890626621,0.1463519908198276,0.6097132012060696,1.1623318828288531,-2.90094326614038,0.7922015997244046,0.2777561742598479,4.005480731561544,-0.21246808958767177,-1.605678429509232,-0.6615625398287313,-1.5747728756767057,0.49704595510456523,-0.6692367571673146,-2.8428383134701187,-0.6260478793427074,2.435963356620114,-2.6842361647648403,-5.9825438858318805,-6.586892667715222,-9.822306937933352,31.339411692316663,10.943609260758137,14.680608469387327,1.8965087515866732,-18.781330872087956,84.62076933539079,16.775067388146574,76.85267119082555,-32.752171892034006,-46.61221295286256,-107.98735040122597,74.9663254381036,14.021622823015369,0.0
-0.006723174245416565,-0.020356462312594498,0.7806289430480163,0.9992630713628138,0.016753069737737672,0.03386506243316164,-0.00676804338915872,-0.19791611809255688,0.05690719843980344,0.1382967858219666,0.2870619441274249,-0.14652403597391545,-0.0640740688474023,-0.40661947685488603,-0.08100971985534722,0.06173455494859082,0.7767174501211455,-0.6279997541341918,0.07036404736613956,0.07981257161550329,-0.3084625455687187,-0.23786760036304014,0.08303516609029118,0.21335585215836644,1.4515486613385504,-2.102903770954163,0.8176093505111591,0.21191084766508772,3.497880306719523,-0.8582625574702035,-0.34458427483710263,1.943107313166401,-2.631620653484542,-1.952277268585265,-6.894876225909111,-0.6607533117881114,-0.114630400027001,2.5437985553431512,0.40889625396220686,-3.3576361576446794,19.67146839266793,-11.359991654959433,-8.356311253932208,25.883473598850212,-106.46604735393036,-164.90759168507162,-2.5628280485304877,-157.0268795257391,118.22296791585585,30.80849220680082,-8.693765366350387,3.686568960146875,-11.901266421186484,13.43670813183981,7.137814629341833,0.0
-0.004312078812395686,-0.026607454280700816,0.7757139281930238,0.9992432278241222,0.017636017127822087,0.03408078134529316,0.006359472493206552,-0.24553630064615778,0.05167210662182201,0.09189774220092978,0.38787743764493765,-0.22764877213139,-0.05828436901770988,-0.3311222907840694,-0.12170136894373548,0.01999701433769184,0.5122396497618866,-0.5791392763337538,0.07941422654050305,0.11469092264500143,-0.31707755829819717,-0.2294389409659843,-0.02857661577510545,0.06399512105225691,0.717041126631744,-2.1974066077969727,-0.4332780215040195,-2.73931513257987,4.809529450263408,-4.114631271992734,-0.1313006107462044,2.205002932027726,-0.8438498635911238,-1.3516786172156712,-9.098777217341786,7.697848892657779,0.45763039305139774,-2.675550086603666,-1.0239084349085223,9.297231624125772,-27.888651635312833,11.240644956195663,-96.20768734635341,53.21033026994209,48.6409322835934,54.70837811761642,-111.6927535961118,45.404070597594554,-64.2984988912465,-372.84120564131354,180.900116717938,120.26602085812063,1075.5047093059613,635.7742095208575,-21.972512956869686,0.0
-0.0021379836534151596,-0.03324606450766911,0.7726019857565064,0.9992696329294388,0.013374263181264454,0.03528278564579733,0.006037783243598955,-0.2827146417351899,0.045117342476706346,0.034795159155939656,0.4816564549696527,-0.3346865346069284,-0.050613265972161973,-0.3251220935912782,-0.10063044515848396,0.026596555289352584,0.4395233158103224,-0.3678692379460688,0.08176174034465232,0.13565789624297345,-0.3351677760146894,-0.10453400800816999,-0.699610011342957,0.03771609389886239,-0.5464063130822852,-1.029458865536883,-0.2044078098371626,-2.326124289856493,3.847747062416733,-5.116084979351161,0.41665869285964235,-0.18899187680505966,2.0357704615177847,1.0918877727316596,-1.4641470319292385,9.854935019803108,-0.13841764159069697,4.503602526230851,0.25723403482593366,4.847961796409211,-25.371058617671707,-15.561634726889679,-43.08718001818697,110.69606682908508,10.46832186706294,82.20218352508665,-122.718484177785,87.3018626164306,-14.796049350332916,9.137781249739131,66.82947198993118,35.49879740493896,100.71749285084813,-195.2285968844077,-21.905206510850597,0.0
0.0005343965025209944,-0.03961150700797985,0.7708843657007312,0.9993176922141299,0.005165508418915516,0.03656942656425815,-0.00038025170893908584,-0.2993247336300264,0.050935920194383116,0.03666265604928128,0.5494456585478932,-0.416310564964802,-0.053079096776120244,-0.34455361014070474,-0.06483648073506881,0.03341762798901052,0.4615369583416708,-0.3007129534413822,0.08048298838813261,0.14822585754419282,-0.30273399593468725,-0.07037829589109369,-0.8557645706673316,0.12765979347827672,-0.6781648594096951,-0.48792657462943156,0.26698451310725624,0.9831839803172377,2.651145640392894,-3.2815431103212096,-0.20983492320556904,-0.9555236617101007,1.5815139884140759,-0.20644423888961355,1.5642403143868073,1.0758490034490689,-0.06017005791252281,2.307868444091093,1.8028137969913907,1.639857875651174,-5.372887829591164,-2.486792651596367,4.296558503341108,44.72256047024365,-28.750189992658193,33.815386882929005,-95.74706257555641,78.30153831637561,0.725602721139212,31.281014616286456,-21.249795778642977,-51.58927877751799,-23.16806740181155,-115.60795794203753,-2.5236577720872617,0.0
0.003674621041918462,-0.04548481456281056,0.7696138123328239,0.9992175736596851,-0.0044401900204467624,0.03871095359439689,-0.006781391748568445,-0.3074305030116994,0.04018477737120566,0.012763499468408664,0.5941965155205232,-0.48501389341775386,-0.019571412341044935,-0.3615760618691519,-0.042302004632545374,0.008480467018487777,0.48794367993266796,-0.2967260530714533,0.07578882369936962,0.1683063144239835,-0.2926103947247091,-0.05236822244234102,-0.9912718405232308,0.2613477642142436,-0.7899002575456824,-0.27898822439797705,-0.7640788153855433,-2.2877171606378104,1.8202664502747876,-2.977809200728702,1.7313907637178538,-0.6792434002925288,0.983900516855267,-1.6561971678821288,0.9153149592035179,-0.17673535883839514,-0.2530608891977672,2.270859328647288,-0.6730277727833306,-0.29387158916724154,-11.959698061798166,1.1019047503012527,-18.35594674672339,80.15082079005442,106.51688269198127,316.25467798541024,-169.94899419082088,-118.9157335101452,-436.70357912813887,25.42183963843492,9.091764560309674,-17.03553048245291,-47.575886502958454,-16.674025170867843,-4.240315583724028,0.0
0.007152411592556225,-0.051404023407244114,0.7687487014750151,0.9989007965158351,-0.011568375476693638,0.04216400349069037,-0.01689876381570018,-0.3089440834556124,0.03855840748948224,-0.022045511628607517,0.6089892291431243,-0.5176582551522343,-0.01891762281746572,-0.39174286783502726,-0.038184278363800894,-0.038745829596636853,0.547575953686321,-0.37414212290386045,0.050923721794504606,0.19093287364055128,-0.302354183246743,-0.030429131133530893,-0.43231401925517327,0.3650968542975909,-1.1607578540665704,0.02643200819630982,0.5892174289140997,-0.6155384152843361,0.4011383171828625,-0.9948302021555925,-0.1868617594819721,-1.5860801999495615,-0.2449888420590165,-2.456706424649705,3.2479483249048204,-4.213214336327584,-1.0797251534005403,2.7686204701574693,-0.66605449283289,1.4416073339087085,26.103724818979746,-1.6209764241489497,-9.537945306552464,18.103856814743924,58.69045908319058,122.45441733180766,-28.10065265273699,23.81504908708552,-28.577895093307866,23.643543223579528,-32.930692856371344,34.033245137615516,-36.51923812107457,66.5351999416652,38.78230148056447,0.0
0.011279361633678417,-0.05792258516871057,0.7685710777074367,0.9984509813854917,-0.013828603959498479,0.046637554910269365,-0.02700640581182121,-0.3048695216160955,0.05878938773644237,-0.014510582772547694,0.5982939469779934,-0.49984517341195517,-0.023466240591403176,-0.4361457288025161,-0.045337965167514656,-0.06876388582138909,0.6709598149390027,-0.44551877954785324,0.0173298121515909,0.23724644661372696,-0.34933093264291787,0.015097129904298245,-0.04811199563239206,0.4619180357723849,-0.7448967235093539,0.36967679741032655,1.147708411478885,0.7747350056691827,-0.9403051548857394,1.1271687323554853,-0.3463466196404201,-1.861897990001827,-0.47797611303245147,-0.9746973603744465,6.54641487730536,-2.684823566788325,-1.5035449315101554,4.190310823272501,-2.9354725675844775,3.2129565492745225,11.283990525987315,-1.9717992400823432,37.828313593983026,18.756381237846792,2.35667320468981,15.883220211973596,-30.515046641553454,-28.603196497711465,-15.055199351104491,84.27384757633602,-10.506235572047046,44.50886923583013,-83.13001912658547,89.84745682585775,31.54887825197629,0.0
0.01669057991615709,-0.06558933720507892,0.7689157104736652,0.9981218412661426,-0.014048083426807533,0.051023513459553166,-0.030855184552395738,-0.2977320739814866,0.08119200065762808,-0.0011850292447672737,0.5812032458477032,-0.48428004110392187,-0.033439388674955495,-0.45778168501199085,-0.05594423841238333,-0.08141394730895782,0.7816992575898196,-0.5044458985074302,-0.018814668987339078,0.2980482171852089,-0.41221616093591384,0.02105962972487023,-0.011703618149549764,0.4360620428129085,-0.0665847636494903,0.3492696202242929,1.052520822588817,0.470301009753974,-0.8190338173271569,0.4814882605033091,-0.5834830930992214,-0.3413662771683417,-0.5411968153523395,-0.3967145337841793,4.2836449538770855,-2.594821012164761,-1.59986592356746,2.872556752158393,-3.2422267969493923,0.3844652923778265,-0.506249482858365,0.5486641937736197,35.13195612199678,-2.7285394265163823,-10.434849434042864,-28.284182775112072,2.559700778940867,-31.72921212792669,-6.560809802988027,82.5918019542009,0.9345563137418621,23.22638542336381,-152.47697720775759,52.80304115344639,33.303122159892034,0.0
0.02353948176223885,-0.07451318089139453,0.769377881029479,0.9978490126852656,-0.014711842750855948,0.053554304625163134,-0.03482593892532861,-0.2813928494913447,0.10596712238845235,0.012268038683796223,0.5610936773328967,-0.46918351517722984,-0.03522810280036353,-0.4555855968092792,-0.05905633230464632,-0.08717187459062363,0.8361276479854959,-0.529649332946006,-0.01406977160162497,0.37297239513597175,-0.47200267348022584,0.019252044871077064,-0.08017149570613938,0.1427450804890549,-0.6384871059411084,1.0938850898560586,1.2828396877964594,0.6611749820121843,-1.02030542420455,0.5858726174292451,-0.040512229650650836,0.37055875082935985,0.116022415677554,-0.24404897791153257,1.6594977006108937,-0.8218115143414081,0.517151190564002,2.904446325249064,-2.6988618131908058,-0.9261223356977122,-2.227624955796163,-10.102141972587894,-24.78536914163929,23.63689214474489,-2.026271032769184,-11.48802508490779,4.837919687701996,-32.43240846858669,-10.695585122486861,19.047782080977324,26.691027481785113,3.3204596697387974,-98.60589587073795,23.009387781873823,-3.9041786495216124,0.0
0.03153006297779491,-0.083994522769846,0.7693617385297906,0.9975445751526578,-0.014541652908512889,0.05429019811537293,-0.04178439065950814,-0.2548223790332467,0.11395711217893831,0.003648952012482169,0.5303753698092453,-0.4284158157605059,-0.029827514637474104,-0.44386296105390205,-0.054659306112674236,-0.07702566184176428,0.846295759343409,-0.5562620824450232,-0.0030943794428817924,0.4136391152686071,-0.4777004313539679,-0.024710437818302358,0.14577314528636198,0.07527439520260454,-0.7490876881400619,1.3500665432781,-0.1486068863919866,-1.1101104422333083,-1.514472878137616,2.0518732686487624,0.32468526353831084,0.6028189795671478,0.20064735125372377,0.8632094110852082,-0.09690399978694271,-1.3078644983822474,0.4633855198721807,1.0966619874435102,-0.4739183355426245,-3.199376064978759,9.769105879262593,1.1419270360865654,-8.01871113297414,-5.183208095308082,-50.19322662447119,-63.13678711470773,19.13201391742341,-45.1004223996676,-17.610976163691532,-9.262092074902695,-10.221219544354412,20.158749963718762,-42.66363491533553,18.475209132460567,-11.575976369021484,0.0
0.040041659027361814,-0.09401213398828114,0.7681322770358245,0.997141002472369,-0.013587836836674048,0.054962851491341655,-0.05004275006872469,-0.229515722859592,0.11433186508474368,-0.014882313543919496,0.5068355989700191,-0.39719235568817995,-0.029030524339460323,-0.43216319823196214,-0.05938054281893118,-0.07852491734617446,0.833827269640437,-0.5713266566046827,0.007374713988894826,0.43142311185679016,-0.5205944864226771,-0.09499271633336027,0.13464637189731202,0.1130094229522531,-0.9057523471129016,1.152279944715435,0.17179542603192116,-0.7208281058249174,-0.8615964721067904,1.2598505672591043,-0.003399216709880724,0.4397405678680439,-0.44079097478055457,-0.5249078499074114,-0.7640241819080333,-0.5486439540958227,0.4715389105190217,0.41495492142819723,-2.252334958852888,-3.935325800954131,0.12176345739191674,4.318965939929914,-11.71927547708913,-14.509849495317352,17.32784941025421,24.882167480552017,35.75025252420988,-26.849998171629842,-0.4812730736869706,-24.504164722824143,-10.633093824195882,-25.195416977118395,2.708529022336272,13.22992199182975,-8.256372588984055,0.0
0.04898573470842073,-0.10517795669738056,0.7658944524964889,0.9966471635750397,-0.012726721137986978,0.05578524335384295,-0.05848477178597235,-0.20856232747000844,0.12737735205111092,-0.01664394864732539,0.5009975673407386,-0.4056789088403529,-0.03889827136004025,-0.4205894446571753,-0.06934989960101368,-0.09344053708574175,0.8037068111765238,-0.5687377789876471,0.016396266705685343,0.45671254061070254,-0.5846356227075643,-0.1290223019427756,0.15676704244612835,0.1104033085291313,-0.7940276337186702,0.9828444030484428,0.8483098043002066,0.22788339218125725,-0.045540412154771795,-1.0480054258312306,-0.6221661803321946,0.5163222800448064,-0.507144869219528,-0.7019117343131134,-1.620295403888941,0.23081869155393217,0.3918596423019028,0.8114345083824974,-2.6570063201442475,-2.149456318984525,5.2805772416121775,2.534382620159367,4.518707498652354,-6.7215109116967975,8.704835610241386,20.23057210364805,16.07293674147811,-29.92715595769453,0.08083085130524204,-18.465184205827764,2.0198303553794914,20.03347113127231,18.02691476764755,-4.093273821989826,-7.603086140749113,0.0
0.05857035056381191,-0.11748579587262123,0.7628953484144869,0.996180503470787,-0.01122166048839189,0.05592076424969657,-0.06611616267073607,-0.1876054806360859,0.14543580261235242,-0.009365643565772581,0.503269058329331,-0.4297139822934393,-0.048037356432335594,-0.4044555843226448,-0.07585468630921795,-0.10145755521241938,0.7528121634071029,-0.5525355103647973,0.022475287665380882,0.4914585860387448,-0.6371905533854066,-0.17442006337153654,0.2487193404190865,0.0040617364912301475,-0.7262730734765767,1.0617676186784122,0.8729408501139715,0.4111310764039831,0.2299214696728741,-1.2843446139359638,-0.3535982848902445,0.7938191727983996,-0.24470220578747384,-0.1410036475702463,-2.5827262564771876,0.7811789754156676,0.2434855932322485,0.9558200284197285,-2.2259326130763935,-3.127693623006,8.061444484023049,-1.2602709084075072,3.5306239701696405,-1.1424804740417729,-7.551574948495244,1.4902842733812607,11.673588548926551,-6.470048827227324,8.912329356048566,-17.013419747677826,2.535004192229576,24.94881554504061,39.71801404608277,-18.71094921931182,-6.1751179608295805,0.0
0.06896646260441204,-0.13060007832883577,0.7585077296147331,0.9958749442216525,-0.008473639536362543,0.05404060119564094,-0.07239410422778121,-0.16628056579158065,0.1604915375557621,-0.0030727269899905253,0.5171550941270312,-0.4583511402762622,-0.05035474581070965,-0.3712566042339222,-0.07707531363809339,-0.09720800385626122,0.655175321418769,-0.5204612987993587,0.028333777207334904,0.5303698344945529,-0.6649427083387074,-0.26669220632888746,0.4333980839394235,-0.2343718216512842,-0.5836591865992236,1.0458581041046662,0.6133143041936115,0.29501002363380113,0.9870483082240447,-1.561177963040833,-0.06610378126415009,1.6674572957715705,-0.09212819166601763,0.3028455960478911,-4.417572255746675,2.4584523722359157,1.0624504229697807,-0.12918304782573725,-1.1653040343396042,-4.645488173681526,10.766373073790922,-2.2747728511383216,-7.275972769247227,-2.1615614245202073,-8.966605627511692,6.035716730860042,20.16702143191648,-10.077462982581707,-2.2431446571191715,-105.50384626302257,-20.839891297606346,-81.92061901110932,506.8317758144135,523.997550780768,446.96052708702223,0.0
0.080078431424114,-0.1443811266041251,0.7538503279745679,0.9957033444190125,-0.006449155208706906,0.04989192444744731,-0.07774351538757082,-0.14865918874679573,0.1729433154020093,-0.014010449859993331,0.550230731039615,-0.48171948781182733,-0.05647806695937805,-0.3441206834113237,-0.06688590814927034,-0.09473284087900598,0.6129359221278623,-0.38475225755413167,0.03359380755840274,0.5855371760164643,-0.7050626566397789,-0.20251809746599447,0.14901391541316936,-0.5442426099263079,-0.4729875281768469,0.9361917387653668,0.6441957918244982,-0.974264944192195,1.8614514407059504,-0.7619395767609222,-0.31809812292647155,1.3530105525354226,0.9180608730344678,0.2140027411965279,-0.935013100270057,7.040820766847317,-0.1827255554902437,3.9686008983411813,-1.4049638633370798,3.3084031507656033,-9.208886913777764,-17.85307791085334,6.805796960390623,18.39283701908548,0.8467508841516818,-29.76647370886333,4.060850430260661,44.547487019554644,3.8452579461064875,20.3819300673878,33.496229440377554,13.253080226271308,72.46957174913436,-97.04909421845647,-33.95310329426344,0.0
0.09191995456303495,-0.15805858394417288,0.7516840738033208,0.9955667230046944,-0.006705211068804504,0.04582079085952028,-0.08186815812771203,-0.13894912283266314,0.1780937441887941,-0.03886731323946112,0.5936917718240978,-0.5074307694028298,-0.05188354398222819,-0.32337080432948023,-0.04626046664344933,-0.09212922092350803,0.6244083649713732,-0.3670742265265689,0.022410709162750137,0.6073224911645327,-0.6677045316771213,-0.02926950971760118,-0.059875581721755486,-0.3207693702989816,-0.3681927614033827,0.3079264078657732,0.01221000543212486,-1.1314798549092282,1.9150687408973435,-1.0633605454063613,0.28653168245671645,1.163980841631915,1.10646868371695,0.03149246602781061,0.6280525780559653,-1.3988616318158629,-0.7066279734067993,2.139610494624823,1.7365022848156835,8.469987492589635,-7.701023515270743,8.061681623662972,5.578304748604636,-11.684461006919097,-22.35398342040674,33.19162117244192,-50.621404780271924,28.262581700315227,-3.8034597129988077,33.15177225472062,6.620495863013908,-10.676683856476519,-56.52314202795256,-98.10452327950006,-7.404397568526829,0.0
0.10408217123056165,-0.17050130212652617,0.7521519665643176,0.9953098153748443,-0.006168432547690251,0.044312573421783144,-0.08577131044315611,-0.14507529610298825,0.1679270235032322,-0.052128155251089985,0.6459346843504445,-0.5431676968150769,-0.04039595842611212,-0.3006474371085091,-0.027346473825133267,-0.08857479776880185,0.6304688440864867,-0.4015267319324975,0.004176071077570688,0.617280677594239,-0.5871012204867951,0.06614853959900766,0.21560332804014307,-0.027636636132155307,-0.4286536173425497,-0.5477081593739562,-0.9088131858822089,-0.20077132302720713,2.4679610948664092,-1.6629351685412992,0.5346178482875539,1.2090401416938483,0.8008774759933062,0.3173106979280876,-0.12705107641068986,-1.612609651078335,-0.919061102424036,1.456206483592545,3.72014286482553,4.523585896780193,15.577352065984542,11.021304842645861,-5.271304784875644,-12.954701385397554,-44.607300660331305,49.348505062189304,-54.17206379367602,34.179621389322236,-11.52216716795082,11.724956827097552,-17.226041707548145,16.49544015916412,-53.32498786518611,30.604727246576854,7.388487753073284,0.0
0.11660500808513799,-0.1816285931145416,0.7539139846995796,0.9949287028662709,-0.002791325431954176,0.04458140283799879,-0.09011982709796908,-0.16318566163831796,0.14312533874544686,-0.04847950357785852,0.7017506423899664,-0.5681738459283946,-0.03716871110567658,-0.27547196420628167,-0.015148499265495568,-0.08061474476391389,0.6212833089034535,-0.42797590593914825,-0.015032497373724961,0.6396340106114377,-0.5335506017119584,0.1052508761472663,0.4719282939794298,0.10886107824762738,-0.44336798773097585,-0.9777489765915406,-1.4904528209365955,0.5171874108539828,2.479949493437217,-0.952111523536652,0.043815622755650804,1.3295164341112218,0.4574387585172196,0.49917481182159984,-0.7297809069834147,-1.0833539997177701,-0.9099006365283665,1.7929922529925493,2.3406790107254274,1.7098734899578614,13.439562513297705,4.353655029395939,-3.9583230820581132,3.351510338973805,-27.002788930639326,34.09907109102445,-65.11387105812369,26.802851203143913,-5.718747276548899,8.181219955645421,-16.757107929378176,12.757722892491264,-27.594669850981106,24.64705696027019,8.961240412222244,0.0
0.12966268934166617,-0.1920319816215356,0.7562763076483697,0.9945147757652817,0.0025322520712636794,0.045499303037502124,-0.0941475539091694,-0.18651593562990598,0.10987856875392239,-0.03647797092622968,0.7479289093577306,-0.5802608127754041,-0.03516456984530166,-0.24638770120188366,-0.00859332168507104,-0.07065151755978896,0.6004452242688164,-0.4439539005464598,-0.03253981414869962,0.6664478506459118,-0.510865310051554,0.1253571167405127,0.6004398392536306,0.15918860407304183,-0.36172379228291607,-1.1943837991889894,-1.7672110922917148,0.7135449264659711,1.8596069604419427,-0.43315474250811975,0.08837045293391847,1.5448498206463417,0.22858212142670684,0.5292116838651335,-1.2439756288448602,-0.6296436164109653,-0.8377988930363972,1.5907724067900648,0.9043689274364487,0.4412719050635745,7.09543084516141,1.5367911236629044,-0.09662064630938616,3.0318501402386118,-9.31292808474106,13.463086513077101,-64.58596791140984,12.27543957839476,-2.810114925160295,8.02595896187536,-10.496242156754136,5.40640371393855,-17.406641749311238,14.061338730071569,4.569246837065768,0.0
0.14324858884033992,-0.20223966541758273,0.7589551545218785,0.9941027784749343,0.008536708698125357,0.046626591050182714,-0.0975333350196596,-0.21318099832533025,0.07523495148847248,-0.02184902995637313,0.779570368275168,-0.5839359895299328,-0.0305415275545356,-0.21219038407423474,-0.004711295647977408,-0.0603980296636877,0.5686842266189231,-0.4510113180506914,-0.04736607839492323,0.6901230438210563,-0.5101198570304275,0.1352362071016107,0.6162870352664549,0.1766272872892349,-0.3106533792560288,-1.3753767443089124,-1.6908245419935182,0.766233850059777,1.2007438898242935,-0.10359745239335913,0.2162666414905226,1.7988222271208283,0.16795564064940688,0.5395935342305627,-1.773175144581638,-0.214710999967289,-0.7093357221720241,1.1428159565971159,0.026413768281463672,-0.36810409204767824,2.4759148621196387,0.9679181644953998,-2.480721783690412,-1.2490787301657984,5.429307098840965,4.152953774392665,-48.91285331790923,3.2265353842692246,-5.062371983226751,5.14985964513119,-2.703333224829434,5.761876184884377,-11.760451697326882,8.625431667978962,-2.970265683186165,0.0
0.15724246462888472,-0.2125360751067752,0.7617030803126059,0.9936650406706298,0.014487584430221615,0.047916663170526536,-0.10061754437976717,-0.24383372986674123,0.043438896352322086,-0.008443289974356626,0.8000308116117703,-0.5829783767641743,-0.026190232357551274,-0.17322851796858252,-0.001307658479681351,-0.04983381752865376,0.5267357063943753,-0.4504025175670383,-0.05870947070435322,0.7066026008859364,-0.517749311188356,0.13236791998697628,0.5934183399645916,0.19558881403326772,-0.30876486721681407,-1.606001227664169,-1.4925011640618542,0.6421986069076167,0.7674771634077949,0.07140747797527981,0.18249095274162214,1.9926209967957504,0.17566239053326704,0.5861565396845179,-2.2198595562826045,0.14229748819175442,-0.5393223175502359,0.6350600918064606,-0.259596546110385,-1.0679568843120348,1.103842533080599,1.5273119496805918,-6.3908404639314025,-5.139191976875683,12.085041334977294,-0.4089752938203033,-33.65031637358522,-1.473846895714774,-4.6026060836176175,-2.850076240410565,1.4181549396535096,11.398131064646243,0.8600549150697576,4.265030524679666,-13.898845740251797,0.0
0.1714754862998332,-0.22303795405709553,0.7642546026211795,0.9931667226209069,0.02010282091078865,0.049506814144557924,-0.10375361691590024,-0.2798848793876828,0.015643207696676632,8.222973179163832e-05,0.8145527631119055,-0.5773675961328327,-0.02473176543242671,-0.13171070369984675,0.0029229391476807394,-0.03662757178845242,0.47803900308230185,-0.4428084054169694,-0.06566278828887885,0.7148493095003018,-0.5302320660689672,0.11930175243989084,0.5427035294621083,0.22769541271302005,-0.32974416090120984,-1.8985021863975364,-1.2614560412303302,0.3573471376561872,0.564022808801425,0.2885821477833042,0.038462759794416525,2.032104380736747,0.272524748523168,0.8336903927367315,-2.3831197906931045,0.4285890435394337,-0.5902449171811643,0.3140999171665792,-0.46724439117459005,-1.3399808303790088,-0.33582011217938806,1.676945457259543,-7.353494451462803,-6.384094644426359,16.337823444899055,-1.7898962724516083,-24.914920537153503,-5.330269843935043,-1.6085089920050097,-10.978151214845063,7.573948429250284,30.30362273055053,17.225901224589755,1.6718283682020236,-24.33047561293466,0.0
0.1858519851794095,-0.23380741787802153,0.7664096862094681,0.9926450832039944,0.025231061696749466,0.051416464678451436,-0.10665589283560342,-0.32190957334816606,-0.008139783892865595,0.0021592959993816047,0.8266788539608337,-0.5678354728203603,-0.02564700125731029,-0.08910306158309661,0.01120698443985669,-0.009526157272585416,0.42566141513653644,-0.4323331084491779,-0.07956095166080779,0.7207430678610213,-0.5434924777315508,0.09273102773341688,0.4955821777364547,0.2514738936686416,-0.2495227504409396,-2.2058128927476757,-1.0940396807532895,0.02338499070934473,0.5005236125815407,0.456958609035894,-0.05260011215537336,2.1040510921015843,0.5138984002849238,1.9069434073241338,-2.614990845776237,0.581422742688389,-0.642703368353061,0.08920192968020658,-0.5350986804929183,-1.8681273329387542,-0.38961013795995686,1.5113140070688582,0.035460824643849136,-7.132424068285475,13.945437048930549,-2.3430856189678444,-20.958494192437026,-8.449440622755832,0.6037688355800581,-14.190516488136979,1.9465067755142564,18.020518285939776,29.883847600274887,-8.391292443313478,-43.684833588607596,0.0
0.20038711468752557,-0.24487972328809,0.7681354899750702,0.9921383476879062,0.02967372104196422,0.053517378192383724,-0.10916436945289627,-0.36761136505717884,-0.02685628537222581,0.001640675840141734,0.8352571704206067,-0.5560358372793665,-0.029591533360926847,-0.047010242384876916,0.020747612385485545,0.023472091078791137,0.37416527531047233,-0.41550230585288445,-0.08717626405260424,0.7309692330959998,-0.5615623856412055,0.07959893485163393,0.3889125767784297,0.2526189611660709,-0.2652036494658763,-2.2946670048495306,-0.7746276180260117,-0.0028299457892219087,0.27993844120211886,0.5376752808136438,-0.1947544810276589,1.9828647817975213,0.45022888337798406,1.4234569004315691,-2.30695395277327,0.9920005043315059,-0.3368317325638546,0.48120721341988415,-0.8851742579765457,-0.8294730694587531,-4.42198821120651,-0.2878217744620547,-5.689305819337359,3.210015790836035,19.52619474280486,4.895880108732934,-21.52167294462362,-11.400833813081203,3.432945832268135,-20.871159972129973,-2.136938783388018,-25.280047940736058,44.65406257534075,12.113890057538057,-4.752717924598217,0.0
0.21514781582761155,-0.2563225694683466,0.7696615428198544,0.9916125164317652,0.03290261273783741,0.05580085250177072,-0.11184051229747621,-0.41493306273843433,-0.04129729669526897,-0.002403218786534817,0.8417019671156204,-0.5415881276877677,-0.036991151662312774,-0.009414538784217658,0.02993260240358716,0.04587135864076419,0.3324047321438857,-0.3914622743019083,-0.09336404876822173,0.7451439500946566,-0.5810197924631155,0.0732849757105065,0.2560995437265864,0.25065100015906633,-0.29614512743260785,-2.3449448666133,-0.612437575819185,-0.22492615301277646,0.23820579777528234,0.665570600385305,-0.34409764420017147,1.7288999537328908,0.4842040752214962,0.9158318247017858,-1.7545386924242146,1.3159623539742011,-0.42494217589443667,0.9523876814913169,-1.0067136234340706,-0.3495431592516142,-5.487877528120814,-1.6424025325841902,-6.410457679490769,8.286417516039643,16.085205443945732,5.526031344770537,-16.36081853062866,-13.50979606064363,7.031998729808828,-20.000060054829433,3.7323553718413027,-19.124128178346034,45.62750827291305,9.558268873306167,-16.553451165530536,0.0
0.23025310339087018,-0.268127812099053,0.7710390486002946,0.9910837932854641,0.03494152935212638,0.05818326844873152,-0.1146591099130512,-0.46296127395861575,-0.05361538832998821,-0.009172191905730747,0.8483278806874424,-0.5220408801189157,-0.04672070735879968,0.022451127737503386,0.040184478499851045,0.05921190123033972,0.3031875371918028,-0.3626480549931277,-0.10293981344806274,0.7664265935476783,-0.5982336020232265,0.06556598223566248,0.15049254952401178,0.2382950274394294,-0.30243917513447593,-2.352895729728994,-0.5577946217844143,-0.2998803567481873,0.2733673053343709,0.9176103778504285,-0.4383404638922621,1.4616193697301978,0.5426235959864281,0.5212611033200812,-1.142680564665579,1.527262245566349,-0.5370362459472942,1.4960925628777366,-0.9236594191670654,-0.35043002604001205,-4.01444788110347,-2.9977205887226477,-4.27258825359274,12.191733270422558,9.919260666502517,11.636179861302661,-14.573913002391949,-17.557889080715313,9.162969471112008,-14.938991238773383,3.506021352518875,-12.622427669389822,39.26723838647066,8.711511582302647,-5.86325469036314,0.0
0.24588961507048446,-0.2802660468457782,0.7722425985446937,0.9905818956012452,0.0361041977992927,0.060417500910627794,-0.11744667126840114,-0.5094095097272804,-0.06510463927553557,-0.013882411726940705,0.8533696478778238,-0.49678930774180957,-0.05728741410851119,0.04907295804064358,0.05148417754575516,0.06577815016645083,0.28670435276292855,-0.33015780469379846,-0.11341238218829094,0.7977372018990131,-0.6147075071089629,0.05576013130592444,0.07894790941791469,0.2013633820702512,-0.28622683034584534,-2.219381564561364,-0.5571662957340954,-0.12069390211037458,0.15975371279935624,1.1689129842449326,-0.46782010952157665,1.237020448604227,0.5860298181077582,0.21198375423821286,-0.5432405255610623,1.6987271455432882,-0.5363798193472273,2.038847634851272,-0.9234948781729435,-0.5001385745800184,-2.6720048937752052,-4.4134184718017,-1.4878515025438104,16.969975551982536,3.3134572319484152,15.340074300638658,-14.530179652513048,-23.032377059851786,9.632742934684014,-8.75535159697614,2.2952859219392856,-10.436832148626095,31.534572928443126,8.046941572563533,-2.2499061769171855,0.0
0.2622608673650157,-0.2927422018777887,0.7732272523023227,0.9901436812679867,0.036646586018064524,0.0621825235411133,-0.12002438062477135,-0.551148326132735,-0.07710092892462929,-0.013002149868110656,0.853485472679828,-0.4663209126494309,-0.06672111015514691,0.07149179879432907,0.06366133145338855,0.06762723109540802,0.2825820115792251,-0.2944931120489343,-0.1237075239030986,0.839015396955636,-0.6323348109083453,0.04310625474311881,0.028366837288338373,0.13443776228129467,-0.25155740346754335,-1.929697885060014,-0.6296849578765189,0.1755272815091363,-0.10288023781263801,1.3907127193542332,-0.40732452238121986,1.0717567022703274,0.6289808122531767,0.01518477804387134,0.02467058690888218,1.8617037141770798,-0.5264267544158998,2.5207713227898134,-1.026440678025531,-0.747176751242327,-2.23833266360504,-5.770819960861492,0.8529299879001487,20.84063340103291,-3.292085021360363,13.485880792114234,-10.653780297825913,-28.384145478834824,8.30915316233968,-2.278980757002288,2.1619957453577605,-7.502982940400028,22.585424853987945,9.454344167635764,-2.5887079583461476,0.0
0.2795490084783003,-0.3055907530256613,0.7739258530608507,0.9897961777336893,0.03670797074061767,0.06317458024923006,-0.12233161422223997,-0.5850778130163082,-0.09033150666370822,-0.003803321392269845,0.8455409789565234,-0.4316776671308838,-0.07329517429687742,0.09084699887080257,0.07672503015056101,0.06700395856083195,0.2900469699459285,-0.25539736433275345,-0.13392010744989163,0.8880782936882676,-0.6520875711034688,0.02615112914115877,-0.00919779779217729,0.043205762815518765,-0.21386932303451958,-1.499197539248967,-0.7203682314703919,0.6016662856638315,-0.5045455085183569,1.5599381107028893,-0.2745915108078955,0.945206952626813,0.6728674949281572,-0.09594709103017143,0.572338008029711,2.0530074296036083,-0.5373749771098766,2.8202991219282034,-1.1778750283272117,-1.1297624046216295,-2.378034396433315,-6.368727614306889,3.0050522681636753,22.10257997516909,-8.722132325892701,9.127936774042738,-3.2397486138337577,-33.05310701033044,5.263111677869348,1.5606601682052887,2.2401300708052396,-8.713438016543467,16.14506240675319,12.856817583381895,-5.555701040977328,0.0
0.2978762014758326,-0.31886790524357744,0.7742247427751144,0.989566635897909,0.036308815000065574,0.06318474041878809,-0.12428689250760551,-0.6085319116945567,-0.10539662996564567,0.014614774687582925,0.826503033971797,-0.3926939520474464,-0.07530483311473604,0.10746850489714653,0.09101023380638164,0.06597881074672446,0.3094678638740306,-0.21183125465275812,-0.14457149654442558,0.942124269104021,-0.6755925297720224,0.0019802325448195967,-0.05286645673389126,-0.06641445876010652,-0.1611381256861109,-0.948369307069003,-0.8390601242379047,1.0209817426593693,-1.038889668678811,1.7459731568626098,-0.04850460478777663,0.8297885912981526,0.7551713745630529,-0.06883206076569687,1.1465721713529795,2.3229800201741884,-0.593736840208418,3.0352082825158733,-1.4533199368133303,-1.7083283053941836,-3.7178926856691485,-7.170682199079474,5.8585528962361035,21.999934323817897,-13.2213419476823,0.3287433158372117,7.793074095122068,-38.12813430352396,1.118512125399309,5.949293231089472,4.975359286228426,-5.3214517040078615,9.40166531736423,19.060367972100067,-9.96758686395719,0.0
0.3173017499744208,-0.3326972853766769,0.7739749524173715,0.9895179087794516,0.035228195357943366,0.062026751234549385,-0.12556259231097314,-0.6169386424587642,-0.12271040921562583,0.041083710882662224,0.7866728472877134,-0.34428210797532344,-0.0688188586584419,0.12042122294873714,0.10848988363593193,0.06948016800360557,0.344165567105058,-0.16129121770208923,-0.15595684469460333,0.9972946161720675,-0.7079644128629454,-0.03246348950436906,-0.1363237610965576,-0.19933583798153517,-0.047157668187364415,-0.13818173230252076,-0.965224444438715,1.3498608762064401,-2.1431089710524645,2.1842386546499037,0.33080539478313375,0.6476167705730396,1.0007423701786615,0.27987316787296684,1.9384526689653614,2.8413317518129917,-0.9120829981002275,2.9930153477871806,-2.008505774223904,-2.7546953566635586,-7.279408400662562,-7.840696166566721,12.657665853478584,20.51182395655745,-15.69514940284734,-10.713064233733233,22.82200043127553,-49.41441399590894,-7.163383719600424,8.977467792378272,12.134497509207982,-3.0435929290399484,4.85956969796155,29.57214766197214,-13.219385668325927,0.0
0.3377774907451304,-0.34737170906377757,0.7729853563663226,0.9896798995399788,0.03261215191030581,0.05950355050228461,-0.12621201001465585,-0.5996606419526974,-0.1397256376391291,0.07270257848158325,0.7013510972839907,-0.2737190686219642,-0.04129982479715203,0.12595210083810174,0.13129304964950425,0.0767680180822778,0.401890200869534,-0.10594218967332084,-0.14461771218576322,1.0466508500273692,-0.7627763442615718,-0.07936110273140098,-0.3576030743296491,-0.3705092195164089,0.005307137222363298,1.3040927293805824,-0.8192161740161231,1.4846829727236146,-4.585079567032558,3.202347978560037,1.3456018863314139,0.22783355329935367,1.3194643686863554,0.18935516889872514,3.1287591367864254,3.028461363874305,0.900270495989892,2.547373874982024,-3.6360104071191435,-4.311104877892828,-18.252417994167285,-9.628071931666367,13.933921152831417,22.587934959395092,-0.04380568068400925,-27.487392692171067,53.70556547261714,-78.00990633863294,-26.540681291467006,9.864295936436948,23.186077629593,-28.846171177704335,-5.244931287505424,40.60853143065077,10.368267557704907,0.0
0.35920413788636874,-0.36333116791090375,0.7704740867069109,0.9896342608019879,0.02674527695284135,0.05461061130998629,-0.1301015032194831,-0.5436112165079251,-0.1474221100131818,0.09666786100340558,0.561358674358665,-0.17196405265860695,0.009774365970888078,0.11942328578360108,0.1615864729069403,0.08206681812275234,0.4923988160305971,-0.04373822280191793,-0.09829107589447747,1.0930273156059116,-0.836191814674536,-0.1846397962280859,-0.6810617613349317,-0.7459943215793954,-0.5880008532257681,3.421772186077065,-0.09657493890804164,0.663085859499382,-6.903465630960837,4.583678790630036,2.390656418798913,-0.36935408173465045,1.7079600326566584,-0.030576354216641816,4.794111866605593,3.646737831435858,2.4608876968319917,2.3614389156672373,-4.590743287494965,-7.753132758020119,-23.44529491722927,-18.848441002571217,-10.239273888229938,27.419600054606548,27.447557175304265,-74.93840386515552,135.2462117568242,-113.97499406723972,-46.743513140355404,19.894835268641387,19.527069718440618,-51.66031582662313,-24.16292436235702,74.24680326511624,-11.423201571087478,0.0
0.38175282537564836,-0.3805071372695849,0.7648648306638115,0.9887599129973431,0.017001483045732374,0.04548547727313379,-0.14140670203695457,-0.4537167127144654,-0.15029147455373043,0.062329282328520266,0.4176442527829257,-0.03034732224409594,0.061682003219635455,0.11120715032998425,0.181805592001911,0.05346883266509974,0.6025250004074298,-0.10914337152792353,-0.08302158100635812,1.1505905454725045,-0.891071142981628,-0.364096009418035,-0.9408206692448107,-1.2781484514487238,-1.5581413890652405,4.927487515912273,0.25477686160487,-2.8631491691799926,-5.913607928491483,6.512259901629271,2.2973236009985607,-0.1645942473072185,0.8102384916338198,-1.7656044649715024,4.7973540991662915,-4.2079231243805335,0.335754932739135,1.866868063560492,-4.085185426616841,-9.397190346009628,-20.24619355869787,-20.271654506096045,-40.641414022904016,20.13468683900153,71.49314820952368,-57.39419842299594,213.24037434094424,-137.11903553930125,-43.689567454855684,33.77652760886338,-2.564028487431824,7.3565472271887185,-129.9654082725795,51.18241316272476,-13.485875956234121,0.0
0.40270559624853314,-0.39679284789691394,0.760130191047149,0.9875724858142478,0.012537968056822946,0.038605351838719784,-0.15183218179648972,-0.4025206449707669,-0.14600530548096832,0.023003808928522166,0.41575864591124095,-0.07194543197974848,0.11619223457396144,0.08251036497383908,0.16765564035396205,0.002128548319442187,0.706214653117238,-0.24290328268950653,-0.09763881529211144,0.9836895472176467,-0.7397660092943411,-0.07837289787692522,0.37874457607859546,-0.37598178222802,-0.5386227279920075,1.1215200952802793,-0.06988756544246974,-0.5283656683960893,2.335700225998367,-3.781553828644438,1.1781207584364484,-2.050518522143038,-1.848277967449816,-2.3535391680872153,4.27618767223426,-6.23761978977803,-0.7871230479956963,-2.8833936323900353,6.050055907629702,14.954856209363793,63.38968753223044,21.347577797873583,39.76359216052081,-34.24602012714046,-48.34441258353755,88.59010165480173,26.03261424544038,8.408443895047546,-131.0052559331578,-18.176661872679453,-79.14902585130444,103.65414622840895,-155.15224737283975,117.380176025351,13.475949159502761,0.0
0.4213380574005402,-0.4113241328115722,0.7600571585523204,0.9871572098672557,0.017804515648651584,0.03593364407145014,-0.15463639756977804,-0.3869168136673348,-0.14955810636057287,0.01896966607487163,0.4660537662471841,-0.142601535126914,0.12486458367558681,0.029845571667636663,0.1313264011594182,-0.028959488477673104,0.7838706692925824,-0.38172772854233883,-0.0950165540010161,0.9099436116302125,-0.7309045956300674,0.045264636262174744,0.6584787066770845,-0.14188837623187162,-0.07371330322272376,0.9760043165309378,-0.2657842772593797,-0.1920308393929029,1.9655509614280895,-3.0251865418590747,0.07862405302886485,-2.753217544550501,-1.5959839048768287,-0.757696473052453,2.9183455811403554,-6.163541677022596,0.25938968170386995,-1.3608271057669488,-1.3982897664320963,4.453782222565522,4.741986324611841,-1.334172081661348,18.096577437397823,43.71150836837555,-8.356405727557561,-13.351568062690578,-90.090549812932,66.91517958559118,-25.34041428203012,4.165844229708643,34.41948854327454,88.2579814518603,-131.47667164507777,121.66643488004848,-3.4939895659908884,0.0
0.43889491980390694,-0.42647305330494883,0.7609629460145606,0.9867960256599114,0.022513122839975294,0.033603922027339236,-0.15683602732209342,-0.3659410328843581,-0.14842920291106215,0.016936864766783598,0.5031451514625667,-0.19903788592138777,0.12498656756759687,-0.03221962088025091,0.11063646113167666,-0.028652100992213547,0.8388408428296678,-0.4873881151545059,-0.07559474063739823,0.8635524901344991,-0.7838966387952413,0.046951782048499174,0.3840933687325544,-0.2335051965502798,-0.25524122359696155,1.2585675593617822,0.26978887110711536,-0.14404383489515063,1.6205436350267746,-2.6256727588454183,-0.09078129885802594,-3.12529049682134,-0.6567715716515351,0.38753380387204583,2.1202751402457025,-4.374205256217818,0.9426691285430951,-0.8635871322432177,-3.1960272303482875,0.2200763406444523,-13.851855424684052,-11.800511171479169,-2.5412763169676067,31.21351714864508,20.413352602814832,-11.096810654616345,-31.910107786792658,21.526081938099008,-13.088320305344094,12.882096665950542,34.97862404905394,22.194429252423312,-92.32553894988365,97.59786519159687,-18.838250881908746,0.0
0.4559500337977041,-0.4427425770876222,0.7618388477481881,0.9862748834666334,0.024418464161468676,0.030086526058898784,-0.16050044797626412,-0.33398072355171743,-0.13796201627561408,0.014489010619066258,0.526969204547583,-0.24847080757107368,0.11903074754054097,-0.09407007754844454,0.10162981818375769,-0.019381996524978826,0.8709024060404803,-0.5469903595140264,-0.056889475298325366,0.848535981351741,-0.8398464888802695,0.04070369096362709,0.15293548148971187,-0.4220700537226171,-0.3897453442492887,1.8760083163819865,0.6928239260968135,-0.16699125706315104,0.9031514936471132,-2.358203216574084,-0.4238384490038619,-2.9434110169167904,-0.31957539361939286,0.4101151278064595,1.0385002795616205,-2.2828162909403202,0.7982941388909918,-0.1947166709234342,-3.062500542702787,-0.4322385656114337,-11.385864660770006,-12.380435460406842,-0.5392461562480662,29.825017837813345,16.255449561417294,-8.795858065187698,-26.217084156536078,11.274972972337178,-11.367743086299011,23.519664940584182,12.058514004481983,-12.763336417884322,-67.00657084396387,55.960155110606294,-17.360579085333274,0.0
0.4727395829712612,-0.459948609726047,0.7625858951626847,0.9855582719204345,0.024491503539668585,0.025556528699422893,-0.16559566040331142,-0.291048960775586,-0.12085050307068113,0.012584966661993099,0.536002414776552,-0.2922006477784832,0.10792928368262421,-0.15303602471690925,0.09440999526429508,-0.01316612203135855,0.8885083997976283,-0.5698117823821769,-0.045443729240123874,0.8353628565351805,-0.8809327908177511,0.03213714089622149,0.03833100733755791,-0.5040509206308487,-0.5391055184255267,2.3472038694500297,0.9676100213404748,-0.10353079759638757,0.17906068067098016,-2.074763169074615,-0.6392340583387519,-2.833944969115937,-0.3699503761896033,0.20224917143567483,0.6039130003163067,-0.7382537893158382,0.45236017514313287,-0.26844585332504634,-2.5777350430135297,-0.8047099013258369,-7.446287487865201,-6.579988192856696,0.23101015056533467,19.84309506346428,11.227987752784747,-5.206705780034823,-22.223649484442287,10.48423886729322,-8.790217503751208,20.071035311774434,1.2429795969960717,-13.07867007499438,-37.71732540149431,22.609168155323417,-10.480165466736132,0.0
0.48925064697659737,-0.47794908761212895,0.7631126432177331,0.9846094058389686,0.02356743675696529,0.02080264208962751,-0.17191900401127638,-0.24035482741118858,-0.098999306902719,0.012323569106890506,0.5315950964630037,-0.330095062965139,0.09181605892074295,-0.2107257885125251,0.08501682285411358,-0.011941871363869596,0.903384718184503,-0.572199817902578,-0.04151504487232207,0.8203809400773615,-0.9211087349600594,0.018134314242131355,-0.04564074368698891,-0.5110696607340228,-0.6432069757770965,2.671207829824939,1.178910382540908,-0.06649740244135002,-0.4637979116730133,-1.7761305449611162,-0.9704777817394941,-2.792339531433755,-0.4766751931434478,-0.0144716058613411,0.6395006483806772,0.03507112466735372,0.1235118990811297,-0.5198855890835016,-2.7706438795707466,-1.1226037597235348,-7.623570245250772,-2.400775013783617,3.908683952580907,9.20991173978766,16.94008405554531,5.6152995150315235,-12.87557473191308,22.604478575188647,-59.154201118287276,18.516546395253627,3.9603902256338843,-7.240491649653936,-24.621903770190688,3.3404588302823415,-3.4756539481535658,0.0
0.5054588698785829,-0.496797817063944,0.7632649266014273,0.9835365522531779,0.021866512232845366,0.01631540009016077,-0.1786379403838922,-0.18472415846327922,-0.07306372973747273,0.014206311056411796,0.5164798875173963,-0.36185162641180924,0.069444005724457,-0.26726724029441556,0.07436577737237376,-0.014517788545614285,0.9196803482528325,-0.5631366629627192,-0.040502210086705126,0.8037086403190279,-0.9644299222255854,-0.0018689730977204796,-0.11799040984300717,-0.475448683138258,-0.6260565168902674,2.8016784783614237,1.3494816206559384,0.075638756294659,-0.8234424619387801,-1.5051800142758114,-0.9829335603025787,-2.7287609570059224,-0.5214649271556484,-0.18979792002725482,0.7230485274835227,0.4890986301731155,0.028918187574433575,-0.7187440014529417,-2.837923247939632,-1.1361111210058006,-6.646231388356509,0.39398520434732665,10.900628171841515,-4.065205299916076,7.833413302352644,-6.916834088153595,5.327043772021899,15.701123959562644,-11.829614813336933,19.23776712440792,5.643892886395668,-4.36428461064411,-24.268705060917174,-7.55090840063261,-0.6652502002481834,0.0
0.5213080902673212,-0.5165893837105147,0.7630233802697205,0.982530165810208,0.01956824347085128,0.012459502957597617,-0.18465188302987956,-0.12781621336991386,-0.0416403437596787,0.02793568275600623,0.4965972413218833,-0.38790561120793826,0.048612190726654535,-0.3224839963338854,0.06465325767931168,-0.01906054636790432,0.9364741045729589,-0.5458033669165069,-0.03822188746651408,0.7839405133044914,-1.0132700844608113,-0.02000691948768506,-0.18111525027758657,-0.4035572774464657,-0.5053022273272076,2.773431334464713,1.6097362651285663,0.6884424197660506,-0.9351030489337842,-1.1852612138634067,-0.8578171850027971,-2.6706242357191323,-0.43471447328850177,-0.25359139609400116,0.721454366804351,0.8380827479529928,0.11501040918372452,-0.9087164821667062,-2.87957141463325,-0.82171815269793,-4.915239913688068,2.641544821811292,16.716948976291434,-15.63697610369685,-3.2194818616016407,-30.403967198673534,19.981911149694486,12.787941814040538,24.42573132355042,17.839893753177147,7.304916865151114,-1.6225599088094536,-25.793175269521896,-15.325677263489743,-1.710932875948631,0.0
0.5368414367080716,-0.5374030806928609,0.762553489600251,0.9816931604213829,0.017008453809264672,0.009289727945449041,-0.1894807437065695,-0.07157881740548953,-0.005449596318897451,0.05622445139299601,0.47582963942656964,-0.40681268015611083,0.03303861138357937,-0.3756631806529891,0.05839303561186908,-0.021675173910237062,0.9493011073244519,-0.5206344555377641,-0.031595836914636,0.7702748470400198,-1.0652042803939474,-0.026602917508745706,-0.19772310730017864,-0.3390723049982698,-0.3835480360698236,2.7184147770555063,1.7981940612593128,1.3507653798019927,-0.9379255405247304,-0.7842567873274001,-0.5438136827288074,-2.565865409302361,-0.23895609783099758,-0.09460139714372713,0.4602813242717068,1.1810730614889076,0.3216323867494638,-0.7335148854925442,-2.906357514867055,-0.3384527974752122,-1.9845810287247114,2.9139382325688237,17.40267399657302,-19.038592226965523,-10.496466670020528,-47.51504930035949,23.613914260547716,18.248140281289444,26.597603140392806,16.016256483932573,6.662851898003485,0.8035644466501659,-26.420325454074177,-23.060403716006906,-5.929607465230033,0.0
0.5522535856967509,-0.5592662805649052,0.762040392177591,0.981034710304713,0.014669215411210211,0.006464838038270226,-0.19316810597432119,-0.015347379668363888,0.03174714664700727,0.09198652302782782,0.4539928637858954,-0.417149981962978,0.0261322458997792,-0.42491850783610796,0.05532258941624584,-0.02070623779073588,0.9509817028667634,-0.4864266550839489,-0.018034551379766388,0.7682302050889015,-1.1169511396620824,-0.02733171464083061,-0.15423307497017974,-0.3089294919636815,-0.28078292745949196,2.727058997165645,1.7696681472454914,1.5434940822777528,-1.0037828279992371,-0.3149033450189922,-0.128707950908505,-2.3632460398496646,-0.12965577444402834,0.0783768153275417,-0.15176803972458283,1.5851186110644486,0.6416403564379993,-0.4151585424672573,-2.7632676948631083,-0.327909518542328,1.56229599485816,2.4261804614853486,15.454065821749866,-19.996282403500643,-16.58355866821779,-62.824242095035544,23.836407294179377,23.761897433802638,17.056628945306805,12.476903389905432,0.07016794713570829,-1.0606194465686143,-21.229477876300614,-32.265005861935215,-12.445790808535007,0.0
0.5677731575120045,-0.5820822329087276,0.7614969731251746,0.9805249157564634,0.013276446222956078,0.0034843307380781363,-0.195914483884621,0.04083180635218651,0.06522860360160941,0.1246967419607138,0.43186359612344444,-0.41656616603376057,0.02582787439374533,-0.4681523331042962,0.052211923717497236,-0.01547753910665265,0.9333159732914478,-0.43957421801716456,0.005530659045644569,0.778360647480652,-1.160104674905523,-0.03240059959090033,-0.011001153605791252,-0.31848442358296825,-0.2097971175192566,2.7103750035892613,1.507678099985444,1.2772899164244609,-0.9744648015887111,0.2732485192827811,0.13215807981492472,-2.0628660630136495,-0.22917899125336808,0.3172432958672964,-1.160715186014997,2.1654026600987173,1.0990588518825333,0.04671846083453668,-2.1956837247226524,-0.9169529431704739,7.245125191348523,1.2678262979815558,11.210701814573023,-21.19398744395445,-22.09909594866861,-64.13721408312159,28.329829293285144,25.31433956747841,16.15393274235856,6.947280456980685,-10.839104251276794,1.3877789524283062,-9.710832118017064,-45.3259381147031,-21.919965833560855,0.0
0.5835367291970597,-0.6055115140245194,0.7606931981257837,0.9801234440725854,0.01407302716524095,-5.205989409518099e-05,-0.19788881114269055,0.09169398445194887,0.09017045524600531,0.14362432564783223,0.4189667521758179,-0.40264475450785636,0.02547734388319745,-0.5031645485456945,0.04280202148220724,-0.006160268263934204,0.8829419616202435,-0.38059938802142473,0.04130011493406633,0.7945977135192644,-1.1793958102902786,-0.05590724540565247,0.29736845156064773,-0.338094667334513,-0.18277003995044191,2.357471714201408,0.991155946763909,0.554398336410044,-0.3198798721022866,0.9632793783585104,0.00394074599501516,-1.675078443171623,-0.6899757214414513,0.5515624537355707,-2.8875233868230423,2.653906677799563,1.646102595280659,0.6754876064365656,-0.8976521869347804,-2.3544034601858748,17.305860336936544,-0.45948832625260894,1.346790960758296,-21.95729354145156,-29.22917571404471,-46.879104957513476,37.93654738146031,25.487672188944728,5.430698977610897,-3.216924668871597,-24.24196715171005,8.175153617509487,7.681794970844262,-61.24903863712164,-33.48748508636393,0.0
0.5996341229693989,-0.6289557503919091,0.7590358365511742,0.9798665540801531,0.01851460922156108,-0.004685840544853453,-0.198737989168774,0.12342361599228062,0.10158467882557641,0.1351481341292216,0.4420759015801767,-0.379896893376012,0.025274153918836983,-0.5125164348586251,0.02232344787441932,0.007337765454256441,0.7409040430829896,-0.2978468907886013,0.09816681996768332,0.8184846007620008,-1.1588826058915547,-0.1295321523795398,0.8022482597376687,-0.40017376172257363,-0.13943193950387903,1.2368099648732254,0.1638390415521922,-0.7977194793359225,1.8925670988538592,1.2876054431131767,-0.02877260882721972,-0.0966917984636157,-1.3149079144768323,0.8395672470898582,-8.226961356094138,3.6731030917928424,2.6285698512861306,1.9013202918042715,1.8374002705839247,-6.777581073777588,35.29352876039476,-4.628314923175122,-16.528441880835075,-17.52612923348091,-48.846844095797024,-12.562559873404659,48.70836687258995,15.505716590731126,-3.790611014191543,-2.6471604915820044,-31.39605515247018,21.75119501932569,32.40253839471688,-101.87505337420887,-53.96572350816975,0.0
0.6166407340873374,-0.6515730347488868,0.7556755875751658,0.97954688287807,0.027173545749220738,-0.012001630877199423,-0.19901121453716814,0.13425613813791515,0.06943630712761373,0.06470667961628694,0.5231784656317453,-0.3984714000351125,-0.005673550872062038,-0.4849722080991626,-0.012580982435420794,0.003347117606500027,0.5578785050178365,-0.08714397755068504,0.17464307113930816,0.8618192008158788,-1.1145106744370732,-0.17358763305366387,1.049612559765495,-0.6114391583154273,-0.2895903989005649,0.48921852164006724,-2.377347717011955,-3.464235859282863,4.1973270278661605,-0.7956704785531493,-1.6226349032307634,1.1617584392484772,-1.4840411821741748,-1.084986441375658,-3.3559911890282357,11.179115689220804,1.533691415484517,-6.021977714559707,-1.4615066480466945,8.143427845137529,-34.27720045342886,15.932361845928801,-65.11848946981485,-14.836321945712417,22.969619907525473,158.56225836986133,-54.594714735397545,45.983886397860104,23.418945354791724,-146.42768009500122,275.8203435722074,148.08785934120056,1000.4332660552561,-1855.4320730661968,-651.3577877867798,0.0
0.6319514641365934,-0.6742407767364406,0.7549193731694719,0.9784414399534878,0.03136662141770108,-0.01538173733223728,-0.2035482394893784,0.12707790007717468,0.03333015763168661,0.013077159399478327,0.5947823283288153,-0.45891666631489125,-0.035721691585198466,-0.47009277984864745,-0.005904214347797506,-0.009493416964273799,0.5679695852463388,-0.053999839075024175,0.1293496399506645,0.6977597472703625,-1.1415122503532034,0.08788396987121333,0.030992262512636856,-0.007382490583752545,-0.605473253915952,-0.9031000029760948,-1.3000521809925887,-1.6600729847771574,2.594914169856512,-3.1135420232513034,-1.2610085337868375,0.9274765814518477,1.294429278375901,-0.5217067806892269,0.9351917952291043,-1.6373803768416857,-3.0509701905094855,-6.621229990346746,-0.5187148805763863,13.875068174181468,-45.4007218337293,25.37306391612875,-13.710583233643606,-53.95363337224332,52.37422251379147,99.96545538104496,-123.2875855766291,45.27198486302201,28.127119319803597,47.72723962881739,75.33163419808031,0.9323337961834035,-89.7215401756148,-122.47833710664798,36.96237784087489,0.0
0.6450289289208789,-0.6964556447918254,0.7578787525545423,0.9773885287254055,0.031828029730434304,-0.013527569242072018,-0.20860403953391274,0.09475965179661366,0.005863043110223519,-0.0033547659946859903,0.6413940882777691,-0.5122802080119971,-0.04266223175844955,-0.4502028622392729,0.02073638928559902,-0.018920670884737544,0.5822564013732209,-0.09986972624657064,0.0725465036785054,0.6281072502700439,-1.0892394957233074,0.19348316380040437,-0.007177705732667325,0.27322589620074306,-0.4634971656380237,-2.0026042859346647,-1.4501885477714196,-0.19933794388346088,1.742940316923823,-2.2049119586207873,-0.0998643900007668,1.1832886147064834,1.3104306978261901,-0.4211645901368728,0.19241638871336048,-2.242481171988074,-2.2849600132028933,-2.1981727822047605,2.1280825553364267,4.49462003468343,0.10836427361352806,7.838076210894545,6.726167478064122,-31.808252328478297,-11.817462882519695,58.379829353617716,-81.28544681248405,48.951781406668786,9.765226065737963,26.939992765335024,-5.830233477860009,5.5335423170361535,-71.26238018957994,34.245799562346576,73.89707119532046,0.0
0.657162651032766,-0.7180596228456587,0.7620466522811351,0.9767519048492359,0.032150119010691994,-0.010270790040856627,-0.2116993082013331,0.04924552696620568,-0.021783893288270746,-0.0007412818703868908,0.6693590735671808,-0.5260268815286824,-0.03499520584195577,-0.423256202168038,0.045381590732231705,-0.027895044099900144,0.5774793708248944,-0.1387940032247838,0.047478887625967005,0.5956060924686699,-1.075857347864805,0.21460417065665247,-0.053637429648306915,0.3153646772609962,-0.23005412206526274,-2.361937091264522,-1.3422032906977568,0.36108094851313977,0.9589119341217363,-0.20541805415014025,0.4065781230070053,1.5221389096654432,1.1756682145831177,-0.4654532025827407,-0.6057335878704748,-1.6684979428323847,-0.6656020666749608,-0.8168653290083935,0.3025851494420934,0.14874790169258245,-0.6454975123895276,-1.9787787871998743,9.703712944328204,-1.4790748286359052,2.3654908055965422,20.916362819259113,-55.218219066923176,19.808418153573403,-7.608040539312193,20.051370397666872,-6.057369243601759,-1.0065791162403999,-37.318477461436274,29.580378134045223,51.56004727968206,0.0
0.6689466311843053,-0.7394981658866447,0.7664793952117464,0.9763036428762439,0.03229493033499887,-0.007172983083918559,-0.21386159705498717,0.004707127778680924,-0.04764512812752011,0.011896689403284493,0.6723068080486012,-0.5255345677088831,-0.01144055690992856,-0.38896428653564413,0.06866611081229826,-0.0346939285330083,0.5572668190950351,-0.16545076055912544,0.05131701932709586,0.5844888303174285,-1.069261116525359,0.218977876891457,-0.04167594057525374,0.27989307692515647,-0.21764143850660841,-2.1519186270590636,-1.2941846129735313,0.7217752752770747,-0.29239023058877744,0.038935621214462306,1.134749857473027,1.843779342717702,1.1411699254153354,-0.2708874675263966,-1.2660103705184846,-1.1121411125002643,0.61130453460423,-0.475089334564118,0.25953367342815525,-0.977990897460522,1.9729371641710378,-2.392241689525969,2.1244954234884945,6.0744773612031455,-2.656313248500432,2.437120090282998,-32.55548667303773,-4.048358928470929,-22.34120330874397,11.198065251028902,-3.5164417953475766,6.223734713451738,-20.528647256612516,19.09134154861962,32.477037197733395,0.0
0.6804516133310888,-0.7608276291650918,0.7706937562538559,0.9757905124858184,0.03263449545801665,-0.004337319429585332,-0.21621529342076967,-0.03652439803362626,-0.07120535790388362,0.03239563170909214,0.654816922024178,-0.5256143898881094,0.013367624843132678,-0.35183826627159503,0.09100880198028156,-0.03722361197974612,0.5303764938558188,-0.18467158000414724,0.08449165984075917,0.5678291606909093,-1.0646495550011088,0.19531192489935387,-0.008537039817087151,0.2695625206312521,-0.2504086810768297,-2.0522530661127187,-1.1623419975521785,1.0542809699616507,-1.0523189206956494,-0.04543624340528181,1.0731183598690437,1.873875721293914,1.0904832281363737,-0.05910712908928232,-1.4056739878094002,-0.8566955642532867,1.990509916050054,-0.7852543830296187,0.16226439670439274,-2.3629574215521103,2.6612095022172015,-1.1467478050382736,1.1487623856550315,-2.290482340879589,-2.7468143858948855,-9.468261190721687,-0.7396800996888677,-4.759012083885131,-23.74298622066613,1.1060923788375838,-3.3657678122413195,5.2807638170335665,-3.2812080402549215,8.15705292911295,12.328438571819419,0.0
0.6915951651198241,-0.7822092621729901,0.7740834476468442,0.9751836631493418,0.0330232060191947,-0.0017530897829623746,-0.21891372197068137,-0.07574794596468344,-0.09037730835847951,0.05871236992676986,0.6271757363600587,-0.5238416006072026,0.03365597953938011,-0.31484818034192014,0.11314881228764637,-0.036455936998743436,0.5029615694491009,-0.20012985948965017,0.13601417070728397,0.548072616127848,-1.0723076991670333,0.14096382806106275,-0.015998478694092617,0.2363350092783093,-0.28583017971195424,-1.959892098895443,-0.903483313368915,1.2475049108542946,-1.3522081384404843,0.06708510506878507,0.8507179343337407,1.8233028590989908,1.1231561573225686,0.11274595313202775,-1.3215403420202974,-0.7262353461966125,2.6445681754705097,-1.008590431974322,-0.3538017567840277,-3.6562582162199257,0.707393802279885,-1.9100429819653981,1.1059064054504615,-3.284427415664499,0.026198926921830346,-23.64896718221561,20.213461996950098,-5.682932409730842,-19.568718574432147,-4.68673142397774,2.3842536842227746,9.673128739899287,10.214781378392974,3.2053734890374996,-13.504387144907497,0.0
0.7021608134940247,-0.804202541413245,0.7761713018535739,0.974621594825955,0.03201791927363667,0.0006482239149787645,-0.22155626723262412,-0.10910406663252133,-0.09800111323056672,0.08211131649445726,0.5873270689589171,-0.501249306374925,0.060536019883927296,-0.2846708822548309,0.14180168893641895,-0.026559363883161748,0.48853952669665207,-0.20698096569310226,0.18439578298046982,0.5103445342436148,-1.1214443320277052,0.07063923831397392,-0.2596119135546959,0.17975253803299734,-0.21253238970331506,-1.5779895089089055,-0.06001645626637581,0.8167214241945119,-1.9695358017747913,1.1694224065496805,1.2316424292638422,1.2880909569605459,1.6229769677686883,0.6180561133294095,-0.3035004425679439,-0.11959283616967731,2.219267045931276,-1.962469688855942,-2.379693512355277,-3.896880903605321,-11.863368548642377,-2.9585621199151135,10.20938892524191,2.973369649179154,29.773737968568643,-52.77199231151514,31.93541936482194,-22.79197468485318,-24.804145635998317,-20.815576224261516,12.867095707784866,-12.422708179603465,39.828253858601734,18.23824228359561,-20.861349125127354,0.0
0.711896821254174,-0.8279176350103838,0.7763245665602415,0.974098760176246,0.026975066742040026,0.0027072384222096165,-0.22449191980445035,-0.11307859669657175,-0.07331058153807442,0.09180304561389037,0.4830669765707662,-0.39807052453686637,0.1394515889613523,-0.2856867541999648,0.18346434182031723,-0.020489075261938695,0.5348873947033522,-0.19270850692681699,0.20035022840019923,0.4610678996542663,-1.2395787929633517,-0.050998641368381344,-0.8064180505383526,0.011483498932889493,-0.1970093870418963,0.2931384407889665,2.163993435258377,-0.33494068783029773,-5.718940332549255,5.2117199297073595,3.837061676928281,-0.7568368730641096,2.297154171600534,-0.47158322656684515,3.612895245569226,1.2234429386859353,0.4323342796641045,-2.88604977430096,-6.03107731821696,-6.7324713323388705,-31.38925489682884,-7.976631815125362,22.65118488578906,17.89332195905449,94.21790251986586,-119.0306188218501,66.84240559041568,-100.48357370805148,-71.86155309268858,-46.51419369300058,14.55667279172719,-108.06922387951529,79.78603034131862,49.39454352460535,-8.51858442554574,0.0
0.7205719209683003,-0.8523804157102638,0.7728102700556077,0.9729843635918326,0.020038321239499786,0.005885975250617731,-0.2299244423349705,-0.09186315809612805,-0.018266660285368833,0.05376642833375586,0.3665579229243528,-0.25401594635298763,0.18583924080713216,-0.35716995206326596,0.21005693034604528,-0.017575450809820453,0.7479539785911588,-0.24119880259630824,0.1300472195063818,0.4575089800764176,-1.1911568594234732,-0.20190891158569435,-0.5219821663193562,0.12110954427791883,-0.644316011873913,1.4301697894808534,2.1413491890463576,-3.061752893475764,-2.6766358630841074,1.0625421683792626,-3.0587081760052306,-4.181629625436659,-0.33601136977189155,-0.1936513172724515,11.772227221064027,-1.902957925527525,-3.6698977344453207,5.827283668985261,4.703342287448504,7.2347979169120915,46.94020024237508,-8.889132286587877,12.717117092766786,36.74950654502225,-23.37611377811398,371.64985559532954,342.2083401133782,-464.0153285575914,-646.5910001046163,38.83933388129204,-250.4984001040953,-52.610043189274144,-156.12684392515465,102.84978674747879,63.56102212405391,0.0
0.7295456765209551,-0.8744335149698291,0.7687561808414844,0.9719870929430143,0.021276325514232735,0.00964768542410948,-0.23387033007792532,-0.09085094150380008,0.00903249522071808,0.02326517856369658,0.3920020081704614,-0.29142376057164127,0.11916973401467927,-0.4498727922848362,0.17030692322413715,0.020498433210446323,0.9585770257222279,-0.40701808041059484,0.03668737797917981,0.46383743966830354,-1.0518144320639526,-0.18466366395877018,0.41457349510245955,0.47264984376785585,-0.23819726771792,-0.26012777710358226,0.7561417780824429,-0.975551079740506,2.3211936813994933,-2.620695307923689,-2.496254829759367,-4.450408173191665,-3.6081317211087227,2.846973266674808,7.995839344089621,-8.564363609148982,-4.2234320943605015,2.8002986131709946,4.239143634102791,2.434836820724918,35.41662286669178,1.4552337673536115,17.22071237807114,10.423838840734494,-61.8799978549656,18.216337769877082,1.7890909367966445,8.206284078068458,107.12918587591358,42.89431908707413,-190.9370040361687,64.97571824103608,-339.8728636227834,127.88308245674821,78.74186949085141,0.0
0.7389330936686849,-0.8957178528547226,0.7647346488351263,0.9717757654211775,0.026203782326084314,0.012319357306059051,-0.23412273910805098,-0.10944657029484653,0.029589172877228363,0.03476894542730643,0.47588947642309987,-0.3455297247385542,0.08765541228933627,-0.5180725185054904,0.0795175498507801,0.06337544799103441,1.027088983883501,-0.5433635142602509,0.027726485424535697,0.4866296066664844,-1.083203049528558,-0.21732772831718028,0.43382794803320335,0.2178744502527118,0.006336133664999126,-0.9242550914288175,1.1856332117533792,1.3506315429945117,4.703746070786247,-2.4065627663539164,-1.15888851113696,-2.7061295656837845,-5.050669433450543,1.7627142465368995,0.6014199026594237,-5.70014261989391,0.24942530374698937,2.7279216308042833,-2.8111349065695355,-2.237341586601418,2.6813330818698513,-22.70168596501486,-5.183155673336168,36.73769261454194,11.847117892151989,46.43481158061303,-6.315195960677215,46.46290100737353,33.83374274215895,65.22961070839541,-34.40908777874374,-26.129196391498315,-238.62341095993227,109.45840161251726,8.010225877527866,0.0
0.7495930030561064,-0.918905302058848,0.7607863608863531,0.9719408523542542,0.027537755085720886,0.009873584034859844,-0.23339915147238766,-0.11627099209313342,0.06624250386738308,0.07556346116173986,0.5702755365116067,-0.3777863519970752,0.05731954896812758,-0.5230780342797745,-0.023176658677158308,0.08026790662286293,0.8909430907163753,-0.5578529619730682,0.06237043771730826,0.5682902495025873,-1.2111211342135444,-0.21742977260189422,0.10420702687178997,-0.5185298610057294,0.01000825117048712,0.24355150932017627,2.039151450834996,2.0183726897781264,4.448948706717002,-1.2658469066520772,-1.2978511666274015,0.9338321691812664,-4.968279144752616,0.35562411999707655,-9.692365106176323,0.2862473458711776,1.748367997631493,3.528452408648262,-5.180674460692271,-4.752012860370413,-1.2668110288350585,-31.90017563013816,-17.821066447056797,70.60524668626383,3.634943146431615,-36.445885241426915,-47.40643162582584,19.940078292303813,32.20213039861911,67.78184997218113,41.28024498171251,-22.385206408758364,-91.97142136720149,4.045182083687241,-31.214882930235724,0.0
0.7621518822072793,-0.943409644864972,0.7556885035487848,0.9717424791100304,0.02693867842235382,0.0012248287413756324,-0.23449810594651338,-0.10865322073751593,0.07117574506755996,0.055101507613514566,0.6846671941036148,-0.43773199624353626,0.05391039789578827,-0.46479347261337073,-0.10730366489522686,0.07146208493943441,0.627196185790819,-0.31786668409680885,0.13288370781280004,0.6629501096545273,-1.2288278402740374,-0.2784547831123602,0.19124367636068482,-1.0557429911839111,-0.6066873028433897,0.9169547207769053,-0.7593637608480075,-1.888471534452781,5.393677989911875,-2.179854212801712,0.091479013767995,2.3428896411761753,-3.507484153546108,-3.3026757021986564,-7.391725842733096,18.356553942374745,3.7995557129274626,2.7511663268247575,-1.5024364044710332,0.8716343068792979,-6.317184031020028,-17.702984016303365,-80.3309367134941,84.08532483967728,-64.9661086616787,0.47677907352734117,-112.86163604060106,116.18217979551015,4.315672496719154,-96.66290799456645,196.18412754773777,-131.61362872685308,766.0700624969297,54.13745552109138,-56.56999622917604,0.0
0.7744977033333942,-0.9685342239692666,0.7524848825698724,0.9697479835022634,0.02193552944508763,-0.006599074487457256,-0.2430311363944247,-0.09526290377384163,0.05384404245078861,0.0023145837904945546,0.773913780820094,-0.5362896250371074,0.03982625175589298,-0.43046090010019816,-0.11373523088272633,0.028199992172157108,0.5920899800156004,-0.13330515567342,0.1402007902966884,0.5723248390029934,-1.2568780112001694,-0.006074136306411362,-0.742077066634151,-0.6964379683734722,-1.1281466361471912,0.4609561892126358,-0.6574527849527598,-2.5532089215985754,3.196449378493979,-4.86795452202547,-0.7093954630138026,1.3651533332595425,1.8969793184888823,-0.9358760948213476,1.0482712018282154,0.7020630268727626,-1.7955207869599026,-3.511666555490813,1.595615151973917,18.509226164047437,-43.14156980325949,21.129583343568513,-25.01086927480243,-20.48171992445235,23.4255950116628,38.84940531728337,-151.65825929397664,78.37521475492666,16.27510029939304,22.300921609507657,145.83515914014626,61.779661299979416,51.37646664812375,-515.2406079651228,-128.24990829509775,0.0
0.7856647113599734,-0.9933950164980648,0.7541952471347717,0.9677220853156154,0.012357449835254017,-0.009950891640136508,-0.25151985762864026,-0.09229966085604385,0.048690603269607766,-0.02755540098559627,0.8099304670960966,-0.6005223737361369,0.018713761375428635,-0.3989345768890525,-0.06919661079672541,0.009563758278247191,0.6186106134684372,-0.17639804714770535,0.08879104367212565,0.5532395620404935,-1.2274122583265297,0.15200141434293304,-0.8892983076151779,-0.48969022371466653,-0.6010016802657092,-0.1632627419315843,-0.05769966728041033,-0.7837506385259869,0.8736437037444781,-2.456475751411337,-0.9641825180098119,1.9556095269444294,2.249391873810298,-1.0366516289040821,0.7689291801767483,-2.893403201930574,-2.6839616814114398,-0.23459931237722886,2.0574993428446295,6.412170265024782,-0.6719948480308998,10.008322818504341,30.511388971582466,-40.361181205290855,11.385057350569035,65.6920412274278,-83.31062098661592,57.744127939289875,19.14321750190063,48.87854864581283,-10.79440728564788,-14.257864475586256,-97.24519072163642,2.6859885234634087,14.816021442974268,0.0
0.7967538201224351,-1.0167199718333568,0.7579776559720279,0.9664802151274396,0.005798889397755828,-0.011019483170052694,-0.2564389549963768,-0.10744751459470946,0.03875274510106124,-0.03318935262566823,0.8257800560099903,-0.6154146449612538,0.013905501181416171,-0.3584357164835125,-0.031138989120764977,-0.006093182189219405,0.6200079059985129,-0.22716813644673992,0.038917214667119844,0.5591656012020118,-1.1184250750619202,0.21311506017802867,-0.3728379602180093,-0.11489341555177959,-0.43993029469376294,-1.1553020641742384,-0.858156152899578,0.1169150341878232,0.6143535788608644,-0.21032681126544545,-0.05965242448357798,2.0718446157902575,1.6034193168950583,-0.5546283689587252,-0.4818796233398605,-2.131733699063069,-2.207726495530695,0.7706947540791609,5.107274386851478,2.1196537340488177,27.158243411858937,16.620124024202084,4.445805469077123,-37.84842655628139,-39.62843236901072,43.48641314768709,-27.128184023918834,23.177281151681175,7.6840753524804235,2.758772837869879,-33.868335657658335,26.791258914604086,-54.925648729566895,47.81980102129519,36.921034973032725,0.0
0.8078727617863541,-1.0381907657080327,0.762327509119396,0.9655190495836439,0.004595952730187455,-0.009923187204382516,-0.2601026191050463,-0.14000819615518503,0.018054553084422727,-0.023441239357579035,0.8419123482646187,-0.6077128557862491,0.017714556735075212,-0.3186164777368715,-0.005237317541090195,-0.013640772159933038,0.6022509904648731,-0.2598632979475892,0.000649374232442379,0.5578793502487359,-1.039685744822958,0.21778154449316928,0.04422498439541518,0.20253391740979257,-0.3656138853486119,-1.8756601194431695,-1.1918270091878023,0.7503461188260422,0.7265180699981325,0.4756174682172745,0.19735983428778972,1.9136834795177924,1.0527843895821452,-0.19216328558151302,-1.1306734963737028,-1.3162560009189068,-1.6507940132111212,0.5189672355910162,3.5277616930447318,-0.2639986806815207,21.796883467387804,12.840835794168099,-1.5342449855367315,-18.10858597675568,-18.309762349348233,24.808013150678235,-23.35984865442237,-5.1648409676525,-4.644034863125626,-10.114194000492434,-26.176644955624127,22.87765629709551,-18.90940637730009,28.09252903312712,28.926027693476865,0.0
0.8190650169177682,-1.0585568972286798,0.7665932664243066,0.9645796891518494,0.007069968963027493,-0.007596583350721577,-0.2635874252235445,-0.17891370342497076,-0.0056402674530562705,-0.005719430956689146,0.8486806983901217,-0.5902424744761574,0.02069458448765929,-0.2805903397311839,0.012438756320528477,-0.0147516068955458,0.5746280741699317,-0.27971435927588956,-0.02788936730591775,0.5621379172919242,-1.0016419091912172,0.20387382378571384,0.28868044395908854,0.3488099688666298,-0.3833737889754133,-1.9778839692948487,-1.2022901359232827,0.9310713264661047,0.08060032135897298,0.8323756429960677,0.11144460388468996,1.8563756158146674,0.7476204805385962,0.07742447706306824,-1.488678110436651,-0.8279331268767336,-1.2653799624634936,0.3583083715288264,1.7749147855662466,-1.4977170061180103,13.008187260517412,6.378016840823324,-4.012746878248513,-1.8837013281033144,-3.126003235657062,0.4485557296328344,-23.490853460531632,-17.0425977215076,-3.7512472828680905,-7.913896624486785,-14.798179415651521,16.48971307251023,-4.079645610361533,11.162089246157198,16.17483697133617,0.0
0.8303897481410658,-1.0784831072604941,0.7704618148047926,0.963512739258275,0.011295512858509774,-0.004975437289221155,-0.26737774346429516,-0.21654005498931092,-0.028082163597772544,0.01124820374191087,0.8426440314836943,-0.5713869159876954,0.021380159310199296,-0.24199078173857447,0.026081383588544612,-0.01148022389630059,0.5406907499719008,-0.2924355144239959,-0.04949403513748836,0.5689809635351716,-0.9911173916481891,0.17773691799401514,0.3856842243559422,0.3746904181016707,-0.43157702661604685,-1.8255475418893796,-1.0706872671225505,0.7565966887818801,-0.4676167109957848,0.8203982936169464,0.006323569784770261,1.929946059166344,0.6260657912162603,0.25885836355374936,-1.754834629955825,-0.5533082327430987,-0.9696444431289513,0.26458341416024633,0.6339619520210907,-2.2806735545628434,6.278312914704727,1.8250131026128737,-5.565233175026923,4.889917700854871,5.231064862031326,-11.168203506797575,-8.526031522544505,-19.793276921242274,-1.4034045483543431,-4.904833616114143,-6.443965474391744,12.499060987589996,2.64968535282964,4.342454408417935,9.567650361744167,0.0
0.8418859245241065,-1.098348563561086,0.7737656222993535,0.9622548458388633,0.016043425801170092,-0.002559532329926775,-0.2716646258577633,-0.25015142818273634,-0.047993877512385485,0.02251923571735142,0.827414518255658,-0.5514719666785817,0.01897050035781068,-0.20087049942587296,0.038195433709268874,-0.0050944596975081025,0.5012591022621611,-0.3003530639290737,-0.06583984337909042,0.5775566006725257,-0.9929761579738428,0.14641688692633556,0.4107423282542517,0.3503709714660391,-0.4903740266174188,-1.6150989526462778,-0.9291793761122157,0.43806011400276834,-0.8066581755934218,0.8783351307730956,-0.12696043755112874,2.070648800075582,0.5886116941473872,0.409433925273181,-2.0050970453138977,-0.34430776700366145,-0.7647101734772805,0.16678489461899398,0.1896723868188712,-2.6954112661793905,3.1425262769681463,0.5038339242106608,-6.3010379827859655,4.12731759983382,8.087153385238228,-10.915108012218694,6.776529304644873,-20.660910900544202,1.954919592163631,-5.464775522503963,-1.956663048641862,13.653071674120499,8.055297326188635,-0.06250789969022552,2.3156483906605505,0.0
0.8535321201207199,-1.1183027367592522,0.7763933399240494,0.9608126929736771,0.02081142042544202,-0.000365709456417223,-0.27641584624825294,-0.28004513505149337,-0.06520840731555524,0.027656048957362935,0.8057529081849025,-0.5263515783669842,0.012804504191037137,-0.15710551395445768,0.049861828150635154,0.003993132858227489,0.45734824902640725,-0.30500857870469134,-0.07883037077811113,0.5831346575863673,-0.9986443667255125,0.10974497303267444,0.405298740775209,0.33654125297476745,-0.5315814343618542,-1.471975848495319,-0.7886686715011191,0.17211886864236778,-1.064638314830739,1.1476931824752397,-0.2954631173046614,2.175660844558318,0.5883148247417856,0.584647320942127,-2.179277783853233,-0.22880165308927256,-0.5788038087428866,0.015093170056454913,0.11162560593952545,-3.3822448006253207,2.6813249472472607,1.2442407905146418,-3.747883677955268,-1.825396088802101,6.901471681181985,-5.832356905152135,17.16440354181536,-25.322470235557773,5.685123939250177,-3.120057061769809,5.812579250255336,48.65582373722804,5.26617421041454,-11.675510966189595,12.632544489217498,0.0
0.8652554434295721,-1.1383766965254714,0.7782238001201806,0.9592530414288196,0.02545791070176413,0.0018224515538073627,-0.28139327632797617,-0.307996023802217,-0.07998580853602083,0.029000236608979036,0.7790107003134186,-0.49354748905343737,0.003131540974835647,-0.11169362190558924,0.06158538650730985,0.01649525479181857,0.4106113502497541,-0.30773634126344196,-0.08914389747540986,0.5843311194537603,-1.0046694905635551,0.0689274753314488,0.381482326486459,0.3442695412200764,-0.543253840097976,-1.429021846293968,-0.6711441696828699,0.04530780535850921,-1.2796085041179621,1.506001229692505,-0.44710172166813317,2.1966180070038135,0.598111637634535,0.7316842887844961,-2.2232218433351885,-0.11888849895047061,-0.4955004240782273,-0.46423503847183434,0.08908424401499311,-2.992733097000577,-0.3103056858211871,3.1690818036010455,-3.3547415430490224,-8.566063059708375,9.442550791033003,2.127882172641102,21.754598568748,-31.558268989388075,8.791201592677343,-18.373086723303857,1.6338307500202571,14.860370415390912,29.306228901163696,-2.0330065988576105,0.42464423857751576,0.0
0.8769484843412978,-1.1585779532221285,0.7792520516226722,0.9576475033577515,0.029764309739468107,0.004284718756384805,-0.2863686197256558,-0.3358328129054124,-0.09243402075148856,0.030202295684072625,0.7479993060984651,-0.4534711930712896,-0.009887953980168392,-0.06775885586576841,0.07395300626055017,0.03179176032033957,0.36623614234194624,-0.3069427127886229,-0.09953399162098094,0.5806576382277157,-1.0124476620625813,0.03207932386979902,0.31752553889521756,0.3647463354763008,-0.5291262458929744,-1.4551989767622855,-0.5551974056973518,0.10531148427690187,-1.4673286300016264,1.8202315786522587,-0.5945625840922131,2.0463269070043566,0.6444098307554127,0.7547632022261916,-1.968423082397663,0.15252946151466928,-0.6764405548103442,-0.6164162314312841,-0.13837061753475222,-2.3756133128786505,-3.569379701795813,3.0426409668817462,-1.2258212865941678,-11.400835369210055,8.68578430997709,6.3740756836812515,25.39326323515101,-38.41801598005191,11.718465308131151,-25.429450543983204,-1.4198796744418694,-15.435398227684946,42.936944904259676,-4.5522063142463765,28.207452981314674,0.0
0.8885211300230794,-1.1789557266903623,0.7796648727298067,0.9560347741421977,0.03328173874956124,0.007237894704891007,-0.2912686893178264,-0.36433357978878744,-0.10215119783668328,0.03583646049435012,0.7137332028815532,-0.4100219185531079,-0.024233459257350737,-0.030283814474312234,0.08767506969365287,0.045160430552476476,0.33339743947516176,-0.30026884358008815,-0.11267233840639858,0.5752545004538745,-1.024230386409886,0.007698939454748218,0.20298588998723047,0.37782434150229505,-0.5111205199607559,-1.476973835131843,-0.4414083898365079,0.3645411430830002,-1.5999827508145459,1.928522988570669,-0.6403155184835059,1.6793374981113633,0.71816920248572,0.5196921927457637,-1.276359663696478,0.4037766043272749,-0.5823799282077134,-0.40154663077547287,-0.6731690277492138,-1.5988707288008055,-6.732356705051983,0.6891497416031969,1.6581115916161115,-8.91629000653769,3.912996062225821,4.331673854013465,29.5485272334458,-42.54519114869089,12.663495155445936,-23.4266449100833,4.057935707539118,-20.025638593414758,45.09532053155396,4.397015093493406,7.769251625700848,0.0
0.9000386445663422,-1.199613993769437,0.7796974449654046,0.9544876105224834,0.035638886775148315,0.010479283201636201,-0.2959281259564373,-0.39245361642167076,-0.11017334140204103,0.0495264109511318,0.677673679729465,-0.3673833371713515,-0.03730530571517866,-0.0017517710672601957,0.10349659386628898,0.053981596135490056,0.3187270063979289,-0.28849223241446353,-0.12633507858400556,0.5771949171075902,-1.0419734487770718,-0.006104792114280616,0.0772188959538043,0.34349356236620465,-0.46192425107701274,-1.4083898008427562,-0.4302913005357604,0.7697229079446603,-1.6565344459856655,1.8554894373070023,-0.5705114708130913,1.2609395806096575,0.8396789529607247,0.27322443640562416,-0.34370145858597445,0.679853222252186,-0.6515213915504274,0.2763485194220752,-1.2098224172395708,-0.9938798964107125,-7.5099413817679626,-3.3543436587101967,5.914720906318514,-2.4785025886611516,-7.142805189103171,-2.2527571672528595,33.13105061054317,-42.63660664628516,11.17826595935318,-14.218772992075964,5.361730843272781,-23.01400880980377,37.99592126612101,8.306379334560322,5.934086648479125,0.0
0.9117459726500646,-1.2207398563758514,0.7795698643319361,0.9531508308899143,0.03658622600615881,0.013344131962767765,-0.2999781255069322,-0.41646457907668905,-0.11884973758735859,0.07324120754611814,0.6388257248730708,-0.32788639831077315,-0.04506240597421178,0.01941235291647136,0.12231235580324679,0.05998862951430589,0.3232881868412743,-0.27065205761424355,-0.14118070048151388,0.5934715607032623,-1.0708454359426245,-0.009893927799504527,-0.04950688186758374,0.2307806871833467,-0.36534249079472725,-1.1130347671011407,-0.5425823189557961,1.234932893713811,-1.8008970151045947,1.6908623411323516,-0.3129806848757337,0.9817806206171057,0.9997351494972672,0.1645649693163247,0.5459021177378865,1.0189771879387626,-0.653962381479049,1.0357275054482815,-1.8715007298059985,-0.5703025516493648,-7.974323309262011,-7.479692529234935,10.408799939106071,5.775183902021188,-17.862701678307655,-12.309926685677516,36.51085262814988,-40.90630860308048,5.96325190125299,-1.8449457157709395,5.8985993391814135,-21.966748968396757,24.50029625994733,12.881578936645779,16.689347071867374,0.0
0.923906257319358,-1.2426875200770922,0.7794831924225029,0.9521338743625256,0.03549464410900161,0.015135238922143667,-0.3032361127467379,-0.42729270974757444,-0.13046554888570927,0.10170812182790338,0.582698213057715,-0.28380494065011835,-0.03968457458626411,0.035847569206907175,0.1457494624050253,0.0660334450620364,0.3466543996141301,-0.24493382473016442,-0.14963016272071117,0.6178382208376481,-1.1225572600763754,-0.007076881180496718,-0.26136019305686103,0.04278091034468298,-0.26384088616665674,-0.31069782406989854,-0.6773220851119357,1.3015532601728812,-2.810298478583918,1.927352461035432,0.3193254737096817,0.7959989884426373,1.3011174928984328,0.16931474539493918,1.4331692246354084,1.5238679426257524,-0.2545383075080256,0.9920877047527152,-3.027114660083976,-0.73927731236967,-13.956354219246693,-9.315986662799078,13.614432521340563,11.379065591530964,-13.549640785818902,-28.201208137804816,47.30980468691707,-49.0695024288867,-5.855182342450216,4.04648729273471,14.65124717089517,-23.087338594310676,13.918962553606644,28.688444102695026,16.57361415558225,0.0
0.9365311914293853,-1.2660540057398946,0.7792683856930256,0.9511028635944471,0.03066235700455046,0.01542392908628397,-0.3069613414371763,-0.41311074352349086,-0.14111565368381443,0.12010523769182282,0.4919308086999608,-0.2229494290693449,-0.0033258933534176436,0.04713676643383402,0.177542555086312,0.07041278109354863,0.3927952249026031,-0.21006828904266847,-0.13937960861839777,0.6363399304999895,-1.2096986612079963,-0.025538778742644937,-0.6642592938846072,-0.25833522891477056,-0.40032908356315866,1.0954963441127457,-0.3755250194992479,0.49338475533688453,-4.50150154435967,2.7117571120541717,1.8124749653572172,0.5328558888030624,1.8412578154224335,0.013505141232377477,2.6050740277741906,2.1152176908724787,0.7158361193682751,0.27094993757816865,-4.738603475876253,-2.2883245697727985,-24.243951615857,-12.968730012541299,5.641171779061921,15.719700027200458,20.32933018610525,-48.56354400847,87.36459868276327,-70.25698407752948,-33.135784347654926,6.838827707169181,26.814948378360125,-35.61188255548058,5.978245899356381,49.27673986064859,11.096698268664563,0.0
0.9494914175547048,-1.2912745501294474,0.7776880000976049,0.9490010336202387,0.020757317099513433,0.013517698537701158,-0.31429833566341725,-0.3685380910173461,-0.14240422709451364,0.10281750464113679,0.3759689729935832,-0.13773571809873544,0.06365251795868669,0.05300782960280259,0.21684175038370032,0.058223371462713586,0.4638997826127116,-0.16833623657959082,-0.11120397540755546,0.6513857801902433,-1.3062284964495028,-0.1323831525321254,-1.0623113109989901,-0.6814188394109869,-0.985963114925997,2.6680253360019863,0.40252314923744814,-1.5956096969108768,-5.272044659725574,3.838585075756225,3.151295122030761,0.325080661794407,2.1000708017204475,-1.1115333690675495,3.7735783417207256,2.37566486723637,1.4366767941885055,0.11702079876844204,-4.9878795889151215,-6.323364216672679,-21.830871080521582,-17.497661526225105,-18.192363406143077,20.57171276149008,63.7281758059773,-46.023372656607954,141.73182179797894,-92.22931787517439,-59.22597533713657,18.528423511090054,13.368865943335063,-50.78413226187543,-11.612867843264938,43.43968177454281,-9.98879340103641,0.0
0.9626836113821602,-1.3174791990347807,0.7729094258174894,0.9448214254849915,0.007919787162024263,0.009950577676822352,-0.32733887169066284,-0.3184797641536196,-0.13899013334130444,0.013168885815403526,0.31224315257365426,-0.06918813459020806,0.15105178375848596,0.05723671362196143,0.2405257762941347,0.014698245405795306,0.5478725232696916,-0.235219418089491,-0.10789302610975017,0.6634641559101352,-1.315174262369236,-0.3055576141406773,-1.068926193397692,-0.8017081272432749,-1.6936063788389668,2.321426400092767,0.6935512386955285,-4.2787232656182415,-1.4092334366085197,4.488122223686036,3.441841157811135,0.3036872745060777,0.6293746859939963,-2.2400649218701285,3.6016643685247063,-4.06523569476576,-0.06332882988255549,-0.6396439033319069,2.7100959674972427,-1.3083811274967292,21.735234683265602,9.395857611733378,-14.64123136331292,-111.89209791455662,103.60998849860131,372.4480434595166,331.11804527962477,823.9033615991076,-382.4712105540409,-2.6274017411704644,-85.86212997674858,14.402088018329295,-106.46769474806963,55.02958557703979,1.1709900434675733,0.0
0.9754178140858842,-1.342111760647077,0.7686673769921468,0.9403491652381701,0.001450384677071224,0.00768968797888,-0.3401208792752274,-0.3035442664895209,-0.12806731295742033,-0.033854475909586616,0.3565213043292488,-0.022510427600985313,0.1701067082688907,0.04748552964487934,0.22397019101342217,-0.04068913083901026,0.6196430508758376,-0.3385569657137275,-0.12343363931008652,0.627604472840175,-1.1604324438613505,-0.07347533452091834,0.07971724824563066,-0.146922936500131,-1.0417209230714353,0.010051154198202975,0.4780987773397459,-0.5083223418684478,4.117154134333708,-2.930052647029587,-0.6223148583640611,-0.9002951727790801,-1.9152172895269486,-2.31721879436424,2.8367437932559065,-4.662884978168273,-0.7734589907990862,1.1870174386383912,5.298138842564862,13.566963561623474,58.42032363601374,17.669144504279274,21.583754860703383,24.8073654425469,-28.796634495099145,113.42714012612655,-26.007716021629285,-299.20287267603015,-94.58959214255643,-15.843143596091055,-78.65247434903702,120.9603596994574,-112.10665225997904,90.45723926556151,13.688811797988356,0.0
0.9877703864686107,-1.3648836000737077,0.7686389148751751,0.9376219924356202,0.004654687248283029,0.006272913234511852,-0.3475686748647397,-0.2973921487446872,-0.12206774560393818,-0.03599601247931879,0.42676443416237014,-0.10482773043694762,0.14850666281874172,0.022312976805453702,0.18151677430323998,-0.07060909175718438,0.6712740486929334,-0.4336781010804137,-0.12355916669771305,0.6147646053894444,-1.1368735792304294,0.044333392882559726,0.5051129982167645,0.019955269176164716,-0.6103613862520179,0.8353187584897594,0.1549419228632565,-0.05631168555526564,2.4317243241401156,-4.039825957791513,-1.1293233760099026,-1.3458340737142263,-2.0675266701151402,-0.6589013498327803,1.9606693980219339,-4.135418105974155,0.11417220872766382,-0.27139474773756905,-0.702475297341454,4.031836881160859,11.181664223766084,2.2256052746946713,19.590724487522657,66.36435918212968,-14.774335596259542,-9.140262674122418,-138.12195791836228,57.90888181036611,13.25749396671044,-0.9325831763647838,16.58964815877973,88.43279965474159,-84.91861088017882,85.13584180777757,-1.462801191778814,0.0
0.9995229515904267,-1.387720115901616,0.7696083493861053,0.9354231057467964,0.009142781903682133,0.0053304680833997555,-0.35337177148732685,-0.2754528923763215,-0.11655092584933184,-0.035784238640849904,0.46204807203708914,-0.1767152052395952,0.1329993942333312,-0.01558826435903783,0.14576121197289857,-0.07301025712870902,0.7206129102662838,-0.4995252982026303,-0.11301927696474674,0.5702862599633564,-1.1570700479671108,0.051995479564024775,0.38854359195746824,0.05766389274784592,-0.5638011972958423,1.373320240360613,0.37171374143626845,-0.047284985636733695,1.2122650591808246,-3.1898572135328447,-0.5613768187389686,-2.0509427963801605,-1.5159537264476735,0.21126427066547337,2.2122621649467065,-2.6207641124272634,0.5119724865285078,-1.7034479022287794,-2.3672529318978786,0.3132719156834719,-9.852237216526103,-3.5367146583718276,9.947699351974308,31.63135985928509,10.683696148762763,-12.82472889793264,-56.20228061406411,42.987461846521946,20.611280099995366,-0.5181425873958379,32.37252085074829,27.116050192002064,-64.1255143141634,65.29169189312016,-10.627673209144644,0.0
1.0103555952549605,-1.4110810796164017,0.7706339415002272,0.9332509069886941,0.012218727106696758,0.005088823391195231,-0.35898126857701806,-0.2437274176315816,-0.10570976302566926,-0.03663270830694467,0.4753614959727039,-0.23021867703500837,0.12259256881806141,-0.06605167387551043,0.12043637616879382,-0.06444572484671451,0.7727146987347191,-0.5374182940126677,-0.09686529961600622,0.522846165309106,-1.1866202523065477,0.052010278953173845,0.2068968824349577,0.058964176396594445,-0.5562372905897233,1.7656747255589194,0.6567328854981482,-0.15405974490758914,0.3378939131338468,-2.358170095896629,-0.4304510045913774,-2.6208803934725635,-1.049768133055111,0.4702721905874879,2.282254291696793,-1.4415805541749205,0.7351390359030551,-1.8313156525186418,-2.6509054994627967,0.10335369835360618,-11.923275063669172,-5.131278724063324,9.452885614156944,18.733808440285767,10.892152165503509,-21.248054288805236,-26.525760223180058,28.15160828735829,12.000363589684852,6.040209881024418,24.614582406933668,-4.05584587877666,-70.38180078329924,38.922015793636874,-15.491021063707201,0.0
1.0203303991200123,-1.4350505139943106,0.771644291026458,0.9310242083083058,0.013807324928097912,0.005346372593053886,-0.36465695882886867,-0.20474986546264287,-0.09069944138157902,-0.04320855355579793,0.47276432062823165,-0.269497439738942,0.11123451519083447,-0.12582642116309528,0.10197218047433772,-0.05510452986921934,0.8232101869268789,-0.5519814015007726,-0.07785224152549348,0.48371567615026034,-1.2170227305657597,0.04724709313877858,0.06569760780007959,0.04612132821419626,-0.6073585263140657,2.1360869872171007,0.6865550706737505,-1.0201785036456228,-0.4611955401029969,-1.8525099154342903,-0.26437142299223865,-3.030174194862992,-0.7801128858198642,0.40061920608675233,2.1737974326609804,-0.4434462850040577,0.8462581359156182,-1.349681691572331,-2.6614635133393207,-0.9796441456805753,-11.5308804299149,-6.1284239394715305,-0.9784888163928818,29.182120626172456,-26.392562610766184,-159.28489824479934,-45.31575380913504,-11.016622699408172,69.35660119410544,10.067629698830512,21.060745830634396,-7.9432751022349715,-66.56209433990524,16.51026538700347,-18.075781559376043,0.0
1.0296229261411807,-1.4596537705155106,0.7724270222042999,0.928346000476072,0.014128351247778415,0.005905380392077305,-0.3714016957063145,-0.15845302621555393,-0.07463586458564049,-0.06623334753126565,0.45518186940178207,-0.3003617393658026,0.09737466624212134,-0.19133542395861936,0.08645789009180485,-0.05065579261061782,0.8677567360322338,-0.5507779297676235,-0.06051511227169032,0.45107999182077607,-1.2474984913135738,0.033006511942450266,-0.04220523178042613,0.035565031927647005,-0.7663304207251626,2.397990255218496,0.9196229809508932,-1.1447075846552337,-0.9910242431883655,-1.3883654074440184,-0.7133596216165357,-3.271011585292267,-0.7131300161305488,0.09079076318105665,1.8350881840948396,0.1851632904891828,0.746508935801264,-1.3966114924262127,-2.3622546905037054,-0.6666665026624933,-7.730812045754532,-4.068310336000408,-0.6153807597181047,4.213273318711999,14.934040634435537,9.37674697192283,3.6649488217584434,13.599365036349516,8.968073830369507,13.061173651489748,11.631054810719363,-11.714437032705534,-67.0076942686055,1.1567879058452455,-15.739419475690212,0.0
1.0383696812648215,-1.4848808806215417,0.7730380024222958,0.9253238032031743,0.013811632360940884,0.006600419204688584,-0.3788687536647256,-0.11029982191242255,-0.05282731724688829,-0.08055121680946925,0.4338170748480316,-0.31886044075100783,0.0716790201858038,-0.2581226221721393,0.0697479360138237,-0.0532200770929304,0.8992865200767017,-0.5389201301216108,-0.04662025171940404,0.42778178855855903,-1.2778529335184665,0.028374236440714892,-0.06408277381868906,0.0271913032986075,-0.7916593102199446,2.3749126907674984,1.1615813134555952,-0.5354428943591262,-0.9639662043242321,-0.6970407839968197,-1.2203864367875985,-3.25509932227201,-0.8560836779723532,-0.22004565189881842,1.1406837668905785,0.6079831980328801,0.590777696721575,-0.9747878360226007,-2.2257177435172886,-0.2595553253595911,-2.9189587669290535,-3.5642554126447368,4.9956699349621685,-6.453299090288,5.017869487991827,10.681142535823389,22.393736267504472,19.745997471527108,22.71621965700261,18.294854153565034,3.659742847115764,-3.463858633929875,-59.207707006530526,-10.555168326132915,-12.305144845992883,0.0
1.0467456791129577,-1.510819122558551,0.7736306705724717,0.9222735618379894,0.013343113960791467,0.007063372377297301,-0.3862428604067104,-0.06306033979304412,-0.026446275225839214,-0.07885186922646535,0.41539001962438127,-0.32381945070452095,0.03996606754502763,-0.32270276721112817,0.05066879284085984,-0.058522308448270256,0.9167662177892215,-0.5192214253496601,-0.03550520571878028,0.4121850752149916,-1.3169092679486891,0.029862826086008775,-0.05494177668636739,-0.00934367802275152,-0.7511435546059082,2.3108365437204546,1.336021379454278,0.2174467676260633,-0.746798278834941,-0.027398520210813626,-1.3954316510935656,-3.105192054824718,-0.9699115840848067,-0.23985726139031963,0.543292518369385,0.9320864717067225,0.4741260894387241,-0.7137796699094474,-2.5937448237766136,-0.024788642236446896,-1.4057950249257871,-4.297540678535762,9.081026082119678,-8.293556342155105,-3.0196820303439598,-6.875591186680997,27.911464677767473,19.66964499086562,32.61063183022847,20.651158459846574,3.0958586304630913,7.429269891906749,-41.639196611531354,-18.62097081492776,-9.864229285956688,0.0
1.0548984338577019,-1.537700041228595,0.7742658541154633,0.9194223680648203,0.012716850867643834,0.00686666365709169,-0.3930059029280715,-0.01681252406816642,0.0038083377123298732,-0.05796645406472288,0.4031462619463728,-0.3162784206070303,0.007600314641661329,-0.38201236167118374,0.030942743057461204,-0.06062493864745538,0.9206360891829068,-0.4929211023097025,-0.02525676174655604,0.4037166266138622,-1.369190542991388,0.031915159489398826,-0.03888481962032465,-0.09277598439738753,-0.6549893476721311,2.265786704641493,1.4991680195511987,1.1183294248017759,-0.39383382263913874,0.5833148425303357,-1.3562055971707652,-2.795817073080874,-0.9926813042015754,-0.019830288701800865,-0.06071532076401241,1.2074891461504855,0.4457108993184704,-0.48188358338139287,-3.09366630474208,-0.061016546097975494,-0.6109180305534965,-5.770281051336991,13.323151995129574,-8.254824521462067,-8.814746986709567,-27.45082694294858,30.51764062635389,19.538992909558534,37.863123231065146,23.10894598763639,0.5636627416335513,8.386102190157063,-25.540004290902615,-25.709429581309564,-9.460840077388562,0.0
1.0629445479962334,-1.5657689614836445,0.7748799035425638,0.9169767498991458,0.01180078682085392,0.005613187329396223,-0.39872656508290727,0.02865271685911236,0.03604205727825313,-0.022526027216249692,0.39962670336406514,-0.29924538144524576,-0.01595615894672741,-0.43268919715873194,0.012359916982752569,-0.057048242425434235,0.9085215535566851,-0.45947859137143593,-0.01321516520448635,0.40003023514742564,-1.4331664212662854,0.026760126316714747,-0.02142298560093981,-0.21209226610247628,-0.5293988460246141,2.2324248279998695,1.594420790333197,1.7697937962543107,0.057227378980879075,1.0825501811628717,-1.0485263398560507,-2.324819892457668,-0.9027199612371721,0.28287377773040984,-0.8410743681761312,1.5206569276886106,0.5412357499566852,-0.31869048048534626,-3.461039706134463,-0.6188340529766309,0.4125238676272762,-6.4717062708967354,14.381209768239835,-7.620604425780819,-11.239448732519916,-43.382074211903216,28.994329524463826,20.869067992624956,31.586328731176806,23.000294385308443,1.532841821632515,8.324258303253439,-11.437197356489023,-33.666595436438705,-11.32572937031402,0.0
1.0709569503937946,-1.5951595510419412,0.7751968805688,0.9151000693539776,0.010589815305677286,0.0031291400300577465,-0.40307558517331404,0.0723415170225825,0.0691670446406731,0.020722731056939676,0.4075423929844126,-0.2735261816447596,-0.03226951045988784,-0.4709897621956335,-0.004328387819246482,-0.05062816234939667,0.8727615442246546,-0.41591374176848944,0.002706688798114022,0.4003786204219444,-1.4987761733509355,0.0013776589681419975,0.0170965099397071,-0.3315316471203105,-0.39439943677689265,2.122357626709342,1.5656992606809845,1.8972082661282756,0.644400453449875,1.4333359171430364,-0.5182094440512913,-1.6921798587869825,-0.8094433616490803,0.3348607699712728,-2.0358191405410984,1.9757877671825506,0.725034453868082,-0.08066173212691564,-3.293440045642713,-1.965932922900064,3.273677225221362,-5.599366017576946,10.266109502047868,-7.9475206276615,-17.09832438728579,-63.24967145213081,24.695356909183186,17.474445995122448,30.51363429848744,17.339867690523086,1.668825565076234,1.466431018579955,6.9701424242650045,-45.293084750151806,-14.83358469557365,0.0
1.0790867599143543,-1.6257299627786053,0.7747063040195232,0.9137540099531843,0.009548352717281166,-0.0007511671863688435,-0.406154987662002,0.11061849697294678,0.09868270712384737,0.0551787182081012,0.43237489088200093,-0.24235825337639205,-0.03724834298878508,-0.48940267390344266,-0.0205194660479144,-0.04797894973592417,0.7890721017445136,-0.3534459727810259,0.024405639193474684,0.41294056115685046,-1.5492606692094852,-0.05898322968393791,0.14834997217901735,-0.44612340753518165,-0.3262182313511064,1.8149240092491448,1.280777386407506,1.2956465770837222,1.53048609914249,1.6884390269887448,-0.07812940586619621,-0.6436073355031969,-0.8165842939466916,0.08459534342667144,-4.65034553492209,2.8308675792604014,0.9940430116239664,0.8052366788391461,-2.1273697333435244,-4.676300979779304,12.133635167840664,-4.573770015599161,-2.8104928074191378,-5.227312937642459,-28.25012157831362,-61.55933739559609,17.562258823957336,16.979142401685635,11.04809262028118,6.394353203110514,-0.032141647179712525,3.665316196275078,32.688880446302655,-69.80646776968958,-19.86945161858082,0.0
1.0879650499624358,-1.6568850251203002,0.7724997539306583,0.9131477273216483,0.010103578704943921,-0.007115584165267298,-0.4074414243135436,0.1364823650664292,0.10646784671406324,0.05030639007676416,0.48888172887102904,-0.2114653745467811,-0.03492025185620744,-0.46404977537052583,-0.03662587795699189,-0.042517969710843054,0.5929353634746701,-0.23614767483062882,0.05968881058850439,0.4773615553564143,-1.5500131006064564,-0.18987474687338363,0.5591706467698695,-0.622628051866617,-0.1556248528907166,1.1378520378293075,-0.6015986100105031,-1.123207667315951,3.145961874792615,2.982040899976331,0.2575974560540146,1.84644397160879,-0.9205070031476964,0.5603186855437936,-10.754707376110956,5.416913206215697,1.6329606962091125,3.93853401393724,1.855741905052778,-11.242879411244695,32.97708563616686,-3.778253534813657,-14.76033637458937,-0.317274617614923,-118.45624491676527,-47.65284174321769,-11.26532096447439,126.20801584525242,6.014072564336832,-6.531827839801432,-19.04246935877578,37.07735169038335,108.96793466243466,-141.23588798169826,-34.158763483002915,0.0
1.0982941883374129,-1.6881188057738126,0.7673246328030718,0.9132456851465941,0.013525247329479115,-0.017083435690774005,-0.40682618213532373,0.1610014744423309,0.07102833438114481,0.001855879423492861,0.5357299574312081,-0.2673991728267497,-0.048096911590421475,-0.40866880071959893,-0.059964260932781975,-0.04497584304032258,0.3901513941081444,-0.020994935966027365,0.09800104231952207,0.5277821447140356,-1.5602491717635842,-0.2979229219402798,0.7792354891980086,-0.786947333221272,0.04554112049335711,1.1900879010342633,-2.1552562800651702,-2.123517034932387,1.4835675336984302,-3.726014693536489,-0.7137864895970305,2.3905425254826254,-1.2796536953348912,-1.3782094455568745,-4.903343118214828,14.04537847248148,0.7112014622136443,-0.14197063094028303,-0.4729354942099488,-2.166170284938983,-3.9699177330259774,1.5563100462239703,-6.308164777667307,-12.735022460756598,1.129481907249538,98.15299310705396,-92.29111528178521,30.942280528910494,11.892838713328956,-31.36836080521863,41.24555895518016,-46.884296183620094,568.1168941941611,-35.128956836944106,-67.74759433785941,0.0
1.106818971150354,-1.7181557605274917,0.7635676969681602,0.9125898370218023,0.014954500718265646,-0.020646395787992104,-0.4080807256092276,0.15455843824374715,0.04221964608431232,-0.021104772636382226,0.5823991240820852,-0.373970498162114,-0.041304623931858964,-0.3879218707063882,-0.05665376018932355,-0.06451600927426807,0.3971068664449063,0.06542222605656783,0.04456241234833706,0.3377491999446804,-1.4483787622754014,-0.03179636291505669,-0.26861706835593846,0.17173295088935836,-0.38288209028114245,-1.3531893355907945,-0.736265816460409,-0.4007936506452371,2.0958160973775377,-4.8802651585764805,0.4616915853976404,0.37376078216560027,1.3155796339610162,-0.6342970925674114,2.352330206602708,-2.3052990417798602,-3.2586260853178275,-7.4787018048714735,4.400682678437666,17.122822930114562,-55.4014205335203,37.34735466321983,-18.475890451460746,-83.6548657505511,62.36444348404131,52.42197537782479,-72.619014123387,95.0717527988737,-6.325385518819506,15.04422784375068,92.36893570914835,4.493808581222003,-33.910740881981326,-308.57224027763954,63.622163188529186,0.0
1.1129815026623735,-1.7461937157721106,0.7647293031470512,0.9110829423213314,0.012748220941118774,-0.015674489701403692,-0.4117276593168634,0.1148921708018752,0.028942764331225536,-0.02029095721638328,0.6190131351425163,-0.44155438879808073,-0.03742623881112481,-0.38124111161484403,-0.025883163114971287,-0.07626968280587897,0.44532482776324256,-0.010314868919141176,-0.009974380632240133,0.2989914939284704,-1.3775771250285582,0.11934332359465494,-0.4844355681786724,0.41732453268762826,-0.37027865498926416,-2.2469428902820763,-0.6969409690077277,0.25047553699690417,1.3214964501909572,-2.593921057727482,0.11452738092669695,0.696862713160909,1.6398558664154612,-0.5931394381049219,1.661164389719109,-3.8275944542253892,-2.2806513308737704,-0.05919149952521549,1.9155654571704321,5.654802651855912,-4.809625813622452,1.617757938914902,5.101902707434427,-14.899339687289453,-10.99798971160933,13.08541336777695,-68.85154171394548,64.04247366561256,-3.908336204174595,58.11963518938089,5.739893464634817,-1.2417338026463889,-116.82595901402219,51.568384399289386,44.353312940429404,0.0
1.1190405176793707,-1.7732765208213244,0.7676330135214772,0.9101529820585557,0.010605779376334517,-0.009982247952767956,-0.41401620912658593,0.06572170997999112,0.010141923288376785,-0.02039802430195732,0.6439979005867705,-0.4588883390071612,-0.025469130367212878,-0.3590223466863595,0.004867741385674279,-0.08793757681763788,0.4612949454392674,-0.07554530225833697,-0.04942746063062042,0.3120662763192083,-1.3410701227567048,0.1588949422074004,-0.3716685127021675,0.3966346568554675,-0.18917295309982987,-2.4554037828137694,-1.085605919351785,-0.030498089680921697,0.9525285675359035,-0.31772656875762817,0.5952380467370059,1.4618773622776695,1.4549949168116865,-0.5283406206194718,0.13798832463475377,-2.7753257350559473,-1.720898399576439,1.3848645180697148,1.1060781727449447,0.8967264253385918,8.218273997575412,-5.396564925741785,4.39346046887335,10.597796177184417,-14.687532603662898,4.8046424482144765,-44.816888638945436,22.046437838505266,-11.249476392121995,36.72352313294929,-9.666511605222212,9.425321802784923,-64.39943677598453,50.81976465318519,27.06724140702716,0.0
1.1254682691692552,-1.7996804918404141,0.7708218678111926,0.9095776493469693,0.010014357180831627,-0.005288334925884691,-0.4153796407774567,0.01604014494859845,-0.012733520459465025,-0.01673953327353624,0.659792780415372,-0.46604732193403975,-0.003047950109424101,-0.3256826493548918,0.031096519642791122,-0.0956078155030185,0.4539363806011928,-0.12082856503544648,-0.0774341807735128,0.3325063379308603,-1.3064798333127996,0.15512451529874854,-0.13564448179499106,0.38329786967143226,-0.15163640536909107,-2.4029296786870127,-1.195998315408766,0.3605787884510014,0.5098648683240097,-0.324750400504516,1.0464676416880485,1.8118699784680057,1.1944942016089475,-0.23312520948127055,-0.6719828591066055,-1.953866673600979,-1.2096353484685227,1.4652693242385577,1.3037952477858346,-0.9306558363988136,13.59119326764224,-3.286574414895514,-1.8360565863745502,15.09946405945325,-6.657630602166142,18.452023865154928,-36.47504108520971,4.741866269135057,-21.179084773343977,13.972515425035796,-12.909048934022444,19.883850908830595,-25.02446614568681,25.051214055391423,13.944510828826438,0.0
1.1323127400910835,-1.825459780843218,0.7736858253299778,0.9088004253229301,0.011592788930248182,-0.001788009109030311,-0.417066178443071,-0.03054819982443165,-0.036002709533401435,-0.002234078775570335,0.6637220412143097,-0.4751803808453683,0.014557041994178342,-0.2884766512141616,0.052485662506598696,-0.09564756888158397,0.43700187158629955,-0.1542629264079647,-0.09657207945026573,0.35139448212291124,-1.2760693384657706,0.12969315826147967,0.1117441359308777,0.3719790153992671,-0.22617610520485887,-2.244556662351668,-1.1896855092343412,0.8727734747200061,-0.027488435936963596,-0.4467033045834807,0.7183385891897726,1.873502487291622,0.9607289418452595,0.19459746394132135,-0.8974621974903036,-1.529558210617113,-0.7940830498345145,1.0733801856751892,1.3010714031440502,-1.7538095514140153,12.649020957620152,-1.7278020209490594,-4.641933983948583,11.283987653478539,-5.708184137076859,6.2158108630886835,-21.663450918097546,5.21112416288002,-17.234065250132623,-1.1823598623882732,-12.05552269320061,22.856190418820002,2.309027949322179,10.285711673883823,13.786059728265656,0.0
1.1394582933962203,-1.8508027508573213,0.7759448230496082,0.9076517671913279,0.014744950179501727,0.0005700007009661629,-0.4194645766424917,-0.07360801356026483,-0.05849964014481333,0.01784960025870672,0.6611363180080126,-0.4793222481323651,0.02257557427234953,-0.2507153470794119,0.0706836561162236,-0.08637655921931793,0.4188289537399487,-0.18116993294783373,-0.10968931168035466,0.364308745996065,-1.261905794718295,0.09396187316535837,0.2629420491781522,0.3065188345080222,-0.2870296658239009,-2.0471550953312323,-1.1327624822979248,0.9662776062090038,-0.19268262310417386,-0.1427526945535553,0.2834051108644794,1.927668838458875,0.9056509060557519,0.939421509466935,-0.9060223564266519,-1.3260717008361809,-0.4946336117776195,1.075377311688304,0.33786897802220855,-2.9146157053015362,10.042682573172026,-5.55150778445773,1.9171093068735152,14.207855359760213,-6.414586770446174,-14.773694840520115,-4.1094571534896716,1.8270749114176625,-8.01315803385009,12.649069911833923,6.060968711991251,97.74114636389393,-6.711196354396429,-17.42303870130605,35.22444803165753,0.0
1.1467825301558976,-1.8760578240852301,0.7774756458466835,0.9064006888287857,0.018419548716717388,0.001793077773875086,-0.42201338413357536,-0.11220415603811697,-0.07881393958310118,0.03551112792870816,0.6566817290575415,-0.4793671509776375,0.02515039948864724,-0.20992885990342583,0.08902815916415009,-0.062071580407824845,0.39839526108993295,-0.20527454874780957,-0.11722015786400444,0.36690645315085335,-1.2631446421068504,0.06258911463348356,0.29830051618387204,0.22987454440061222,-0.29858374231328905,-1.824846837726215,-0.92912972446541,0.7582171887733016,-0.24092438923637616,0.01848969029974328,0.07921226264567693,2.0421838251487556,0.8734379337813064,1.1980427655394281,-0.9617273730385761,-1.0924903587182615,-0.39634516126431396,0.2897348316059359,-0.1280955155580558,-2.0949006488323714,3.1545818442280673,-4.213523546750308,0.28690115161963897,13.363532623243605,5.735143688991872,-19.443077711222593,-0.20498222532105234,-1.3500857535236053,-2.719260980387558,3.221907565147246,0.9549295502252404,38.78185512713078,6.331733630374973,-1.2683671888903112,14.416030814843428,0.0
1.1540885924385509,-1.9013970600468884,0.7784953435478099,0.9050813630178095,0.021867344168549126,0.0024508902225938087,-0.42466873997735627,-0.14693266997792748,-0.09466675354410758,0.04744959698700908,0.6514825544468869,-0.4770418215427518,0.025674056345610118,-0.16702971269185557,0.1092318132797236,-0.025088214078240852,0.3770991322604796,-0.22245680986413863,-0.1271504749985098,0.3631299339638806,-1.2693741822114912,0.04020410710592918,0.28137569915335964,0.1838954812225821,-0.286889173453396,-1.6669705584328722,-0.6837108159665868,0.4496983634159575,-0.25784663527163504,0.11355049267097941,0.007131896449897294,2.1548295185550344,1.025126750834564,1.99552607128374,-1.0276784405111772,-0.6902372704619806,-0.6389517909718943,-0.22431757472665542,-0.19210728741314795,-1.2100017838009762,-0.3942737633894954,-1.3567690043339513,0.9627839776079358,8.355824019823455,12.181654743353112,-15.921021444311245,0.14167976909302632,-2.8653587584567073,-0.9351314399164115,-3.213510492049872,-17.214675141439653,-46.17204791212089,9.720760456921914,-16.049717123476395,90.22771924699288,0.0
1.1612784055474432,-1.9268641593767257,0.779272449318664,0.9036746811938177,0.024882224372975343,0.0030613013998152393,-0.4274851739104465,-0.1795310727205521,-0.10561359004046786,0.0540628676413039,0.6470740410220437,-0.4746169780752775,0.023588342850559992,-0.12240795217359467,0.13074152080292273,0.01972121886896582,0.35392235596514066,-0.23155020553204958,-0.13610131899643527,0.35594678222354353,-1.2758652308766094,0.03580659332567391,0.23265275379473338,0.17895566789220763,-0.32695515708638373,-1.595326095415684,-0.44213233595684437,0.23348721754841145,-0.20042879827942464,0.10063283682487831,-0.10880882351682204,2.2062577949317266,1.0755937794936203,2.234905922150082,-1.117105090130798,-0.1746212283763096,-0.7126074489724191,-0.41095487742236925,-0.25680427019598345,-0.5245122985972418,-1.3161498524674335,0.5166189550873459,0.0631604346275523,4.54980456814219,11.056186154914569,-10.609319881143206,1.3873559181181774,-3.149404181819526,1.8974059892662816,-9.197778605625224,3.224878467137309,5.313312623860983,17.36488688612629,51.08051914594204,-104.56257634370357,0.0
1.1683151167082138,-1.9524317632236987,0.7800681541235279,0.902122214682374,0.02754648356486754,0.00402320639215072,-0.43058160066369,-0.2123241129046023,-0.11329345725281444,0.05565410194425539,0.6458411838604634,-0.471210430057243,0.016709691894066923,-0.07839371111095471,0.15229281109105594,0.06560347948401025,0.3309275279199093,-0.22921039599859439,-0.1480767142928421,0.3487540198698823,-1.2806905300242473,0.04162894504663191,0.18949959147349604,0.20618656839119218,-0.361350260684916,-1.6414560521601969,-0.3194348862086086,0.021037579221486642,-0.016448045026369262,0.16209284938129698,-0.3336847907554022,2.128382134984494,1.0341545309838154,2.113902701785727,-1.0587441155729613,0.38303360380251894,-0.7262191457984231,-0.3186601739386534,-0.3084210524972691,0.08298182879895435,-1.0520872971891968,1.346689577707493,-0.9209878957878713,2.2325525501189425,7.925847108045943,-3.0237452292881457,1.3854706763552374,-3.485860043906707,6.396531276004741,-12.854202655623629,-2.6917902652224273,-19.32543240545736,19.832115402847666,44.62722534712947,-71.47238989666597,0.0
1.175225142667417,-1.9781075474979994,0.781026978272826,0.9004940990808377,0.030034886749155994,0.005467478141223981,-0.43379533167304957,-0.24706518394962293,-0.1196390392200949,0.0537126842905518,0.6501089313623938,-0.46621308746398676,0.005798834569609576,-0.03726070453582805,0.1725646299232523,0.10651200998404248,0.31110949016736567,-0.21502252852496154,-0.1629038765751279,0.34448538533411704,-1.2878801121901162,0.05279512028961427,0.16046508961001726,0.2402832067858281,-0.3689985533916161,-1.7364696688478676,-0.2939551229979959,-0.10675297454669974,0.2358466295754164,0.24470414950494482,-0.5022497360320762,1.9597468892795886,0.9554822098091014,1.793543373884643,-0.8551177300942928,0.9607589377600372,-0.8034299663713229,0.0243548449551308,-0.5893337790629265,0.5155316010664422,-0.11742525480819871,0.5720201948453723,-1.0302199036404562,5.610345011669388,3.815656197509665,4.030182052173875,-7.735511155647736,-3.875698807211953,10.12241820366763,-13.248403845829744,-11.282881439113082,-48.29464899406878,19.65702591799193,18.873645278863368,15.129441610734107,0.0
1.182072250506223,-2.003976190634705,0.782215449522691,0.8988915420674698,0.03244664702198371,0.007351617262567616,-0.43690635658024163,-0.28390567260936744,-0.12591300217720197,0.05087225685381921,0.6601654867200197,-0.45983036277607586,-0.006624067641863835,-0.0007538437353612057,0.19085765965232346,0.13776680313581754,0.29739674806079325,-0.19080651367861615,-0.1755275873951137,0.34332542062749427,-1.301026387683811,0.06550868069828938,0.13674665706246494,0.27046300300317827,-0.35469554419925536,-1.8154905085626978,-0.311152699243072,-0.09615864157665434,0.49079144734029173,0.3066987474187776,-0.552150128958521,1.7145726510627424,0.8364167996721615,1.1737079787124718,-0.5292733377007683,1.3716642511310184,-0.41715498851444166,0.29765575069121897,-1.079139302221142,0.6908366098805748,0.12206920983633981,-0.673132128945078,-1.0688325777597458,10.36807089105645,1.2210062349841968,8.871481809529778,-14.763174607762105,-4.833233116888265,11.411968813818802,-12.38816465694024,-10.447734981964677,-52.52294575867288,19.13598023006072,16.720210566539574,22.989839779328936,0.0
1.1889203379636581,-2.030191910864779,0.7836447854895486,0.8973350131775781,0.034757823211880826,0.00957945076147594,-0.43987498448340445,-0.3216514179222813,-0.1326992936849385,0.04977274668737755,0.6741403399411113,-0.451057705072616,-0.018403137757817937,0.029802882815896964,0.20690305179774346,0.15457112873166876,0.29198785806896593,-0.15941988247313058,-0.17804540511982545,0.3454515415940274,-1.322835803425201,0.07722982598825598,0.11261093234795974,0.28773295743102417,-0.3385854237770902,-1.8204858610059087,-0.3698365012411933,-0.011123887214811338,0.6316379417194793,0.4237519418151046,-0.5126483317647016,1.4182745764921054,0.7532211726057988,0.5070708397181427,-0.09537091552903443,1.7539030681104224,0.024877794818647776,0.6140015175830008,-1.64799671528184,0.669802443812242,0.17733280906851814,-2.25474428900225,-0.4186269502637072,15.558356922582274,-4.04550769150749,4.804790929764993,-20.83761558169146,-6.878729338197721,10.662283831457277,-8.581131557711025,-6.729388227943635,-39.13497668350855,16.253972571704285,21.302741908496333,14.590171304887651,0.0
1.1958400912513039,-2.056940114260214,0.785265863580819,0.8958340501279014,0.036878295108119415,0.01200362243016326,-0.44269318837080945,-0.3583173884393308,-0.1405292811007699,0.052139416765397316,0.6885258129693393,-0.4384306032266783,-0.028121220956645227,0.0536206733298189,0.22162293379671139,0.15811187662087908,0.2971210588968831,-0.12147395665610745,-0.16806737146134304,0.3507643970494752,-1.3540360542028822,0.08484112507346359,0.08421648822231104,0.28693004672881034,-0.31986126051150426,-1.7253951063066606,-0.4294369087122539,0.1995396837324677,0.6006817876356729,0.6037116863370522,-0.4143942440557872,1.0867709830479693,0.7199496034752355,-0.03426121264644748,0.45358771608409526,2.105942549937141,0.6324031525181798,0.8325913316216085,-2.1732277620758897,0.41845707590629344,-0.07974307541683831,-3.6190114683732157,0.35281085179903726,19.36155094237397,-5.8077829068243485,6.750476417855333,-23.36323309526187,-10.609825512754348,8.6393506984929,-6.121255489677372,-2.65006530567691,-20.877016516749848,15.99337023055217,26.472401054635313,7.578122750077486,0.0
1.2028912749375784,-2.0844193041853747,0.7869778742833533,0.8943977615338177,0.03864606971044039,0.014439483164414627,-0.4453657225081167,-0.39106281516752367,-0.14891090346106198,0.06103018600532418,0.6979632080979463,-0.42036942570846203,-0.034656377613580876,0.06987745808883343,0.23601012195657323,0.15122447435818037,0.3153786352531737,-0.07633270072238718,-0.14398947549425734,0.3584860324817027,-1.3955651555305588,0.08577026865700733,0.04445865393796253,0.2588722301472483,-0.2892321344339646,-1.482438851199401,-0.46959986656366287,0.5222736798380984,0.3043873523378489,0.848469612956658,-0.2703714669544358,0.7168165479018144,0.7221750356774232,-0.5118538362342813,1.1095763672034138,2.5338542884679285,1.2882982322180072,0.9769181181773133,-2.753444617573633,-0.0632764838341181,-1.0706087094426273,-5.350280260606878,3.0292027064934786,22.29329154113788,-9.516607472231577,0.8495488977189347,-21.057984407088064,-16.420978650799608,5.444292971690076,-2.2774849982891894,-0.2708807388269893,-12.925793977420135,10.668198618891385,36.328088769019836,-0.8943472711282344,0.0
1.2100763331555078,-2.112829310217276,0.7886057604935622,0.8930216710652671,0.03975010462686197,0.01675559316004272,-0.4479413737173721,-0.4158953902382079,-0.15662804292608606,0.07810245621727654,0.6944352588390005,-0.39309432354859647,-0.03593831605328716,0.07675665304394509,0.2507535354841991,0.13420819866548636,0.3501293207262545,-0.021309623407971504,-0.10458526496512618,0.3642791545230369,-1.4469676406948369,0.07510200907380189,-0.02844913436265325,0.20566731772492783,-0.27083744098004386,-1.030382235599514,-0.42009560809994256,0.8924973257748344,-0.3892209039135049,1.2735667820021364,-0.01261207825675598,0.23201947606717158,0.7686674810199209,-0.981589815405487,1.9504011622963624,3.149748602982746,2.005040468436954,0.888098467801384,-3.329708264655232,-0.931833656169719,-3.4434829593030907,-7.032233205383041,5.3335022993830865,24.209131455293498,-10.369587460315365,-9.685866831642551,-11.616766103471512,-26.447698476922113,2.1878075750033874,0.27199645609614453,3.480613034867018,-5.307200275495294,4.484174246825093,52.23216330405821,-9.069420031013117,0.0
1.2172182248925079,-2.142279178920388,0.7897553980342619,0.8911720024414365,0.03961477531014344,0.0191217220927771,-0.4515279519430151,-0.42543184360648456,-0.15858349252515386,0.10391154009677805,0.6613204290022805,-0.3408519260669057,-0.014844428521790428,0.06699369014854513,0.2664559052092456,0.10313602435533503,0.4123186114288253,0.04893325062719223,-0.048574824270765406,0.35597000885639607,-1.502023163501981,0.03547303223768389,-0.18306773539602345,0.13863012551278428,-0.4447092250734829,-0.15413683894524888,0.002267682908966866,1.2131722004786152,-1.9605897037654532,2.4869760778761587,1.0751606079247311,-0.7201390939098561,0.850585964584606,-1.7448175056238089,3.4621118008621767,4.14215468830929,2.7666963493583094,0.27615658782707525,-3.786827679137053,-2.979147000999299,-9.018671589591692,-9.095600143608014,1.7855940346513306,26.957139136099137,0.33334471193115744,-32.15872651401124,11.168527376496664,-52.31451122034582,-20.21770905058332,-1.8869773806917145,8.414421907986018,-2.9325069178316605,0.20757620792232956,82.09607021606911,-18.902417097157514,0.0
1.2242239670308057,-2.1725234087109992,0.7890925013645317,0.8866307361105173,0.03774647221976801,0.021210178712286473,-0.46044681553690603,-0.40515033232805836,-0.14765989946651403,0.12722518454119414,0.575247750585497,-0.22518227547546363,0.05650113868683696,0.027229976414210585,0.2746946259229192,0.039556309099344905,0.5349799076781937,0.16549120349316698,0.02431785382185847,0.35756048254645023,-1.5323869866332276,-0.1117534712629422,-0.26780903376998183,-0.05357044012194358,-1.3253864808498155,1.6217125024408816,0.7714659898409292,0.6579819471371745,-4.582724186369497,5.575386026366441,3.4778225272590584,-2.1876689837134937,0.09551376855368898,-3.4920683427097714,6.668184089201787,7.935916138585961,3.684541854475161,1.129813502580759,-3.3742265149772193,-9.655012856578898,-7.23927023914237,-18.87704472029634,-23.630058513008144,45.17053759505633,17.721870926041046,-79.32086466705098,65.69105766854832,-115.07912568389354,-65.43018043580763,32.31150977033624,-12.305805879768954,44.112826088969484,-51.35251687298684,22.71709251944547,-55.10618620886896,0.0
1.2320400398869242,-2.203730747445435,0.7854320270335303,0.8754832140265438,0.03287996316221204,0.020852449785740936,-0.48167751174217993,-0.3309100339988985,-0.13758003976153796,0.05046283536889719,0.4203219110167654,0.014865578601285331,0.13011111566393013,-0.03118516243469466,0.2524174876443868,-0.043355854524042205,0.7257219258468839,0.05105286553203267,-0.00446104133869448,0.3962466030187452,-1.6108327245619272,-0.25336420646451124,-0.5496434572390659,-0.5543088224485676,-3.132481167176527,4.869030853010359,1.1476990097865896,-6.146267349398055,-7.615335395594705,11.504102909904127,3.254932981364696,-2.7477224218503618,-1.3708958090289907,-3.437750598118381,8.840981798522517,-7.5008237987297095,-2.0749464638269295,-0.8792589428419968,-6.622863403340312,-8.394887121664377,-32.97785428288024,-25.662928420858563,-72.50957587388669,93.19424944017125,126.55834149978364,-137.79209132778954,160.03970263306644,-235.67163582428512,-59.315481092037096,46.870180209841614,10.052121680431945,122.80992579993682,-208.4786878182259,101.03500532520414,28.629583749463812,0.0
1.2401894926990187,-2.233706379139126,0.780770735011482,0.8574770591558564,0.030933624337547625,0.02165257874273325,-0.5131348455723478,-0.24972343161236454,-0.1400136850761288,-0.10852875145457568,0.35083213690484677,-0.03919189361705168,0.1678504402071454,-0.12616565617996814,0.20983991848734593,-0.0754881037613381,0.9233794680012445,-0.1757696648617594,-0.09662675904347744,0.42088723422310104,-1.439029245203764,-0.18677338873597019,0.2617922849816822,0.19772713882422313,-3.9163056513056764,3.964657688427636,-0.25624439482684763,-6.944354829701148,-2.5617973770579545,-7.100152356142369,0.7648996636236692,-5.660354204871219,-2.689063877941001,-0.3018647072231201,8.391161494770081,-10.416545636445553,-4.404994814966285,1.575817654547396,4.674214753808293,5.71470567628857,34.1324234042512,24.76995241619772,-23.687981885082397,5.431152879350622,22.39750131250191,207.2509531870123,-10.570793725064501,-99.80753327389021,-87.01538313300242,-64.83186244049733,-54.492491705628105,119.08302406822041,-274.65497826323553,208.58039169572515,81.20286005818144,0.0
1.24803343619161,-2.2615471696985647,0.7772031459332027,0.8362385244691217,0.03568479676314458,0.024229468689435537,-0.5466668622851649,-0.18156770415600426,-0.1324551416801554,-0.18524969378820605,0.31698973781972806,-0.17466269286649705,0.10896220291309977,-0.2690004001131645,0.1616820153566287,-0.0706132718394763,1.0769612884485997,-0.39166432367512755,-0.1221418240610604,0.38304303872237405,-1.3722454960019876,-0.14463542656181902,0.5792889381309808,0.47696612234047286,-3.812827054528322,2.837335941133996,0.750295041229823,-0.4028328377799798,-1.125507806337089,-5.208630583102916,-3.1700125111094777,-7.786207282287723,-2.3078265155444706,0.40515979865122376,5.795063098995667,-9.393191328548369,-0.5365432019995324,0.060524439156744506,0.8730063257800149,6.163112577876762,24.0707973320504,-0.4454164313418032,34.143321395771025,-74.52802306224515,18.692005579072852,410.2330512737963,74.7263837214176,240.28177983743308,103.81644467277852,-34.35850309141573,-2.5252501940521475,-0.6619122211938423,-272.23810624957093,192.11453496418702,23.954259155804994,0.0
1.2553035891184094,-2.289595064552939,0.7748871941111186,0.8164742191331619,0.04130752838189583,0.02407293070254555,-0.5753990194615065,-0.13459441239263054,-0.11937144614135724,-0.16316474420194946,0.32074073741902837,-0.2515816625238767,0.055706283269232396,-0.4249271270675716,0.1309180818733339,-0.05959764213859906,1.1427378472527645,-0.5070015114702628,-0.0983555830683583,0.3531263794187953,-1.447415641857055,-0.10085448576662517,0.6447640051353111,-0.06701774285583421,-3.21570929920259,2.378070672979241,0.4354666292642345,1.3128380801907922,0.8504055850413644,-2.982586997096759,-2.0832215794092566,-7.517117047168278,-0.9442633639577444,0.5159738311260753,1.395572303760059,-4.267038970130831,1.3099392500410438,-0.7767437637342693,-6.367025849552942,1.056134867910607,2.5408474649002053,-42.14816386735612,25.006404807919072,30.067523109571923,-32.79500022802368,-43.23193266977022,50.96204293244239,76.15005255810598,45.53591274141148,48.818251844617436,61.46268345134344,-12.863908420181561,-186.36122762306948,104.36800438033691,-21.829819477921887,0.0
1.2620920641157831,-2.31991332559627,0.773007938586403,0.7992333038860335,0.04257346679545451,0.017915959112590456,-0.5992433931997145,-0.08701577539949741,-0.1222168591109234,-0.17895626963761976,0.3652080796457178,-0.30108786184092307,0.01219241635889033,-0.5549617200966064,0.12151087634308538,-0.05133341810146093,1.1108727890323058,-0.5446942352733515,-0.07284552172372911,0.33802999207007156,-1.579785337137698,-0.10021199704297351,0.5927116986068649,-0.8917545184600127,-2.8160064981868946,2.746591578418029,-0.7718734190289454,-2.7328057117669644,2.862667689179116,-1.534362980001453,-0.27133464507671906,-5.721237498370985,-0.14557653476926558,0.3513653032017649,-3.0417961280869448,-1.205717609714142,1.0931697012196344,0.4240732987465393,-7.759297738785071,-1.3008665108385193,3.889984845729961,-49.20860699651864,-2.3759276243341754,64.63744045295714,-69.98865731731264,-187.3623369576327,37.99818454886882,122.12918641434261,249.05656210456652,81.31592029804942,32.216765194856094,-5.438585400847957,-87.18013928176899,28.235915366044626,-23.255723017328243,0.0
1.2687080866988292,-2.351692484463446,0.7710031649838989,0.7876105348605287,0.04142004806597814,0.0077674620388461495,-0.6147305845070661,-0.07414632796431467,-0.139295381960964,-0.1920039141929925,0.4972757858751091,-0.329237220755801,-0.05733439101268327,-0.6279110317577355,0.09526090269443624,-0.07278167804589511,0.950659359173134,-0.4970116281542092,-0.08448502627326633,0.34197733757833687,-1.616631973990394,-0.12024035391094842,0.7037675376423589,-1.0690100438232646,-1.3780097480635503,-0.11647437487306124,-0.9659591317027981,0.9369746794582088,7.958918292441661,-0.3455372974697425,-3.747282818883657,-2.3234280834246137,-1.9808271374289592,-1.583665651839846,-9.611944975064858,2.6789178004129033,-0.7244945494640251,1.8195104085255454,-4.672546417568189,-3.762744908936458,16.737197873059472,-24.39754321118313,42.1135396925126,-20.375241078590527,-2.504163239531513,167.65044383089747,38.1245928385575,166.04532624589564,41.231460067292474,112.7608842091446,-44.96511756796584,-5.227203099706152,0.5388214065001051,-60.903029878832285,16.546111269775107,0.0
1.2756938740249997,-2.385363587559798,0.7671210289573465,0.7853842874621445,0.0377715093360346,-0.009270330919036056,-0.6177854765650522,-0.09723985892183278,-0.1488765661861713,-0.13616789519829764,0.7191273838323053,-0.3634399714479248,-0.10592636283969115,-0.6084573739193444,0.060574398326949434,-0.06093866209780247,0.6728337266972348,-0.24444876785158098,-0.14246636319675318,0.38054376973168663,-1.751981010074549,-0.2751279805828266,1.0041078516175064,-2.0578486258631203,0.42435823484308444,-0.9545430915324847,-0.5844322002030049,2.9383110576062417,10.71856419582726,-1.4246761802742627,-1.870468129467401,2.864987198512644,-1.7855112233165722,2.637972931486789,-13.846732371252802,12.81876160419726,-2.8614876304208767,4.703192753925906,-7.683555384456043,-9.883455093025292,33.80782659306189,-53.46165383561309,73.53763311240553,69.44775770498804,-42.14298712456683,-50.88301933714985,-193.77400600265122,55.19931404613408,42.15072032397256,139.53572997690176,-27.43361566752676,236.14095820152286,238.7576750850302,-256.77239597916093,48.38187023155448,0.0
1.283658702208924,-2.422691573394804,0.7599466918982115,0.7910131979700054,0.028223863177344717,-0.037929397536422826,-0.6099695852967872,-0.09471487122193364,-0.16397425710213256,-0.09487087661325377,0.8955146541146072,-0.513117092717034,-0.13696302989347375,-0.5074410653542784,0.01974181265280612,-0.0004996757856612598,0.4071739240890558,0.23013626583286642,-0.1735529391526435,0.4185810058212275,-1.9553899936181254,-0.4325146615439753,1.067548760116916,-3.392602597615603,1.6109967606860014,1.014599199519404,-1.0041027738439274,1.366393374508646,6.667491687330334,-7.892102251779361,-1.3033727898702878,6.25190063646174,-2.387999115307922,3.1127538716691214,-10.472708282939761,22.58144641748698,-1.12725552181186,1.8858993182283894,-8.553244793002886,-8.149618088835759,5.478061679287631,-56.987825831797785,56.917173820046514,80.40404639968226,-24.326778977293316,-66.67944980046991,-247.69777499536193,109.20225836311381,26.14403304425624,86.92891768624789,-38.67922565966893,-13.895007235802552,425.69836645957537,-446.3523435005064,23.264304238448783,0.0
1.2891043034192735,-2.460172940960502,0.7545574624347626,0.7962614849486962,0.011335114612888131,-0.061962889205849185,-0.6016641614100614,-0.08018703461833364,-0.1497092416120757,-0.06363433348962184,0.9430510117122606,-0.6187711059607505,-0.14123106787556905,-0.4010305756103241,0.009303108301249089,0.022284277872693173,0.38379390387411016,0.19972700433547763,-0.139038409485561,0.16180843028076336,-1.7926283623541714,-0.12113314041288278,-0.6139923527357489,-2.404326296880454,0.8604871103413719,0.11850040067344997,1.718580880862016,1.1365544945418615,-0.098129049473339,-4.117148888462026,-0.0018870516564420316,5.434003397437459,0.46884584846137123,-0.8593569954000633,0.7276848656579258,-9.545527565953941,0.8611189951123803,-10.490534873678278,8.520671409943743,13.888974696366033,-74.52502282804531,51.072276242932446,-8.855394285640683,-84.86297632330513,65.29450430694808,-91.50524565663834,-192.56391092499683,88.49484014888773,4.944874077844988,57.973668037616335,83.84092908841862,-161.34170605821154,-94.08910871568018,-263.7490373541882,-76.56224667429514,0.0
1.2903290006373345,-2.492202838081088,0.7546964463058842,0.7984724082268909,-0.0060602304038105985,-0.06696364255081289,-0.5982649559218116,-0.1104703036243376,-0.10187838389731417,-0.042446325798081615,0.8984061679147403,-0.6458047908273276,-0.12398642902371425,-0.34739179016234706,0.03538485292152917,-0.0016201843646668056,0.4498225897170692,0.0508075805455437,-0.134642616511806,0.0024963276003371598,-1.485740183263483,0.07089144043880921,-1.328189800866454,-0.8257958455502893,0.5263974672395163,-2.6792993365972677,2.4571033823613764,0.4118895905799195,-3.149364135542258,-0.5757510366746998,0.9040449973987299,1.6440585253188515,1.6762988707467879,-1.4342815167192793,3.472097560177889,-5.575111663773092,-0.23211224307605932,-4.995108296463399,10.488034371657813,4.352019512553583,-22.253414889318595,54.48355719380622,14.720956597128893,-120.30311771507948,-19.22751869598097,-96.89007418910859,-45.54362410796009,27.218333034337867,-12.976261505575437,-52.85247652176689,27.295072689038975,-8.681632208046564,-74.15393415272223,202.396864679839,-28.343404246172607,0.0
1.2908553238649032,-2.5201588806669806,0.756367132317786,0.8004003128160351,-0.017250714596933718,-0.0643621424222315,-0.5957510106686419,-0.17280432976033772,-0.06324063405945549,-0.020687026233310885,0.8104378011940074,-0.6168510732775209,-0.07113836255277378,-0.32606518150785935,0.06466962262424492,-0.019752907561010682,0.5164383724270181,-0.03680724806045443,-0.14083060020013713,0.04547684939331407,-1.3326808177818819,0.08442993461688834,-0.817654603128354,-0.18936875622837127,0.3822287603984255,-3.5790076904024373,1.3330055672140368,1.1925307910573553,-4.504537920263377,1.65705937330832,2.5559845632670055,0.7853093885888361,1.2718823010375107,-0.560945216083752,3.001066336748099,-3.5303477415577653,-0.3311180284022126,2.1571819924074944,6.501671969724668,-0.4069254668663335,21.526844007742046,24.304924075799985,4.325947659569049,-55.066315346504666,-76.0532715103453,-16.22624423892211,45.35125765001898,-28.624586465974243,-49.119208719554436,-16.702447101630217,-22.682386639104468,29.90326492532012,-48.1936846414643,79.05176034632582,0.841584204972134,0.0
1.2925502716531276,-2.545610440157066,0.7576347051387136,0.8019058171713545,-0.021404795041921023,-0.06084663735370849,-0.5939584007813186,-0.25315786604804325,-0.05469449674825646,0.005617418356892549,0.7344863328210668,-0.5327558539161904,-0.04751205462868636,-0.31319508120840023,0.0842970475425479,-0.023735220308792167,0.5679762035786694,-0.09923745800350374,-0.13998388866286204,0.11562180488991576,-1.2346686204808637,0.047715074044194096,-0.3239606330844716,0.16464305024592227,0.19041060618187083,-4.274084027011251,-0.2813628004152251,1.2839582672920071,-2.9940294234650193,4.176638469514052,0.7735500625193599,0.6706680455237403,0.7461284319657775,-0.05330719714441509,2.1558879684629773,-2.8992387836556137,0.15083688179974825,3.3558496486884937,3.2491067436612924,-1.4311602281763827,20.29510998082689,8.322148215533694,-7.917197505608034,-17.591073833745963,-74.35823239514353,-10.949376944181084,94.16472928120973,-75.6992868866829,-22.689275697509576,13.824269035779427,-25.36442718067772,7.870083737416839,-50.58207916942486,15.933972160127905,2.3744581245549465,0.0
1.2948865640863456,-2.5705329772062937,0.758607595215535,0.801853286399933,-0.02438827749411907,-0.05780098107383499,-0.5942184493916343,-0.31722325395407563,-0.06688417165136237,0.0069177036171757,0.6362967609717526,-0.34732582726038896,-0.04386058514929772,-0.29810053842618,0.09682395333261803,-0.041875623784237315,0.6095866580920316,-0.14379574880831347,-0.1356258617859697,0.11052756598684851,-1.2569057030676174,0.04085335354098257,-0.5473195371215264,-0.013880094544967157,-0.1546548662943787,-2.7196919680561,-0.6196002698987955,-0.6835863313878916,-4.348929628349384,9.545953108858342,0.24025509859240468,0.8564270255657382,0.7170100218805954,-1.2373787441884154,1.9654818324724135,-1.7412484075153245,0.1320657428385164,-0.7128314029907368,-1.6458433422368917,-0.9924422578849582,-14.895374124473861,-11.00844013831631,-19.89859967261636,74.81736153661086,20.873679779170438,-27.097284865344637,-45.21924881052307,-423.4143359385358,-146.48996793541812,17.036121412470052,20.00218968963451,-11.692537526230918,-17.370248676828464,48.60120906225506,-15.740055439978038,0.0
1.297139062494799,-2.5968244794397046,0.7584341124176475,0.7991661401185796,-0.03073283746684285,-0.05644993950591861,-0.5976641009120305,-0.3328960292650008,-0.07971624795941218,-0.03725789941995667,0.4770035107654796,-0.07338369350803053,-0.04562044232646773,-0.2750233058183414,0.10842765444638672,-0.08344183566828732,0.6526561220159994,-0.1844149771536871,-0.14216399235360996,0.10038199037468296,-1.3511129537452276,-0.07252233534079378,-0.7549089352503303,-0.4155563271253105,-0.5744700415649944,0.0747390926928039,-0.21337714303640512,-2.676693100755138,-8.779793227655182,11.798996955473159,-0.4190299896326022,1.3127415562984566,0.7309547646205556,-2.339518938918645,2.1616449272539833,-1.9278762977696757,-0.8705633859010633,-2.0070656962994273,-2.9974229217327313,-8.71258125140667,-19.385487640701257,-9.432892352143643,-16.99129410575875,39.6480460864274,69.82645236057809,3.5499010549677994,35.34164614177128,-344.15413135957715,-15.29234679911341,11.571200106507021,23.384418165192074,-22.255914652163806,-10.11810580707017,30.749107431161036,-97.03760084381899,0.0
1.2989402101900664,-2.6241769402051904,0.7547068715449348,0.7932021524957437,-0.039400015877562325,-0.05512554011103086,-0.6051769649056665,-0.3251320074982103,-0.07891783598313418,-0.12152716239455384,0.3183835748906593,0.10246270720648429,-0.012702348869393964,-0.2568455030433192,0.1320237755425214,-0.10274352042452267,0.7126227800461837,-0.2564430022708444,-0.15706378102873572,0.07770841794118802,-1.378334856294236,-0.27714472384533956,-0.9134432773464393,-0.4109396512246229,-1.1399045680469435,0.3910555990732963,0.6493481806608447,-4.338454626948977,-6.632266043887847,6.185514025557995,1.5725721468173575,0.74663581562611,1.3850264376893695,-0.2904226121793908,2.920644734348671,-3.4013354483536524,-0.6372512311063991,-1.386152901493796,-0.9863343496891862,-10.412397757044488,-9.8007986140079,2.454411395241087,-24.468765650556794,-8.782216269240642,86.15901910695636,51.127717012239245,121.67205670232526,-292.61039653883887,-55.53315067094257,-9.414466510816442,9.14921735178537,41.157481760574115,-47.20910286000704,68.62725823106683,11.921814065231636,0.0
1.3007446759933465,-2.6517669896232694,0.748376476868416,0.7855908172634642,-0.04759656602941071,-0.05417733778525926,-0.6145294547896237,-0.3258140281993322,-0.06681212741247376,-0.19672298893351256,0.2782320101421055,0.20105809402429775,-0.0296744505534127,-0.23411954530190335,0.1473223657103319,-0.1155602830799953,0.746160100908059,-0.32671635063937554,-0.1698701271885005,0.10997246579816171,-1.3675207147705033,-0.3099282762279549,-0.544245335364568,-0.4025528341545214,-1.2017690878788612,-0.17142320176205333,0.630811203212695,-2.132057384653092,1.4743075941377222,2.839167299931091,-2.9599332876914453,1.3421140705827965,0.11597090260499465,-0.68544974154975,0.8166360714041825,-3.0905738296070546,-0.5356972470224988,2.6341920868154127,7.148312830240334,9.468979446079155,57.096597201719085,21.765056683343087,15.794158771793116,-75.45813448553284,-1.9002060065316673,279.7211743260793,604.3528527648213,-1092.8030125899515,-950.5296220709672,-6.408976334848822,-125.30427044663212,-9.83793431929252,-90.82399928125352,70.39675177301925,15.834592584190018,0.0
1.3032554755976817,-2.6769894721628313,0.7460704764612157,0.7811026695081293,-0.04586472321595503,-0.055920386820504944,-0.6201999332388249,-0.3399468822460871,-0.07052139376914218,-0.20263559774204293,0.3639471144727886,0.1396239928995536,-0.06375925573411449,-0.20734573839867343,0.12202958169439827,-0.12929380496911594,0.7311185823858705,-0.37604649184068706,-0.18316266479358925,0.1328086812875516,-1.1933477929188905,0.024641342652566362,0.7142697442345411,0.22707193017482605,-0.5367630861480617,-0.42066239048445675,-0.6644484925616965,0.6076587559926957,3.964945829388235,-4.136097782220656,-0.2627859074637481,1.1779739649968406,-2.0179584584483723,-0.2545094888043482,-1.3739319747850938,-2.0926795267367893,-0.5904486989892562,0.015121727133207644,5.549246343988513,12.494628492795837,46.56028383690082,23.33916161266299,9.414323357451316,75.25171578800224,-29.568632066099774,57.14390584666033,-174.50704494333496,41.09549393668693,98.87900179243543,-28.585163289230497,-49.70581217778947,71.37168822726045,-21.502412499489175,35.95672815650665,11.115564757131706,0.0
1.3052131810414798,-2.69992478982431,0.7482273340291717,0.7781851991390178,-0.0363302662898317,-0.05812084745130394,-0.6242834890366868,-0.33772291087159656,-0.08240981197315325,-0.18610307519908245,0.4149008276172947,0.06801520012278259,-0.05594205358708298,-0.19881890250407147,0.08053693650766773,-0.1262105734556213,0.7256714838041235,-0.4175678093248862,-0.1867488164250685,0.06223218211421068,-1.1197960282065282,0.16694133462576438,0.8717621138794693,0.5520241769922813,-0.5716079378298421,0.5779798931477158,-0.45907653602747805,0.8368740254939055,1.2854384269169499,-2.920925709681527,0.5567860355002481,-0.035942868825494884,-1.9501434038976868,0.5002715682018161,0.24802475734047613,-1.7655957098470272,-0.057044380548651505,-4.491438607952906,2.291745987797025,5.795803396202558,-2.933518201527077,12.885026521272765,1.5493059885649971,47.847095669796715,18.840397996548223,-9.89994660963724,-133.39912088735585,77.26995568288673,-1.0817720236174766,-40.63647869249194,24.073989231338516,33.192344767221726,31.605688525299705,41.13232209526365,4.467946194002853,0.0
1.3055942294394303,-2.7218113806434916,0.752193028230357,0.7745082854916642,-0.02556717464241188,-0.05825886668135776,-0.6293561310884087,-0.3206947312411399,-0.08692394035519059,-0.169765567498262,0.42338105552139,0.02077000830157209,-0.04355272421506596,-0.2140606511897326,0.04627552114962592,-0.10553094324236222,0.7553881344638047,-0.44602173553734065,-0.185063120944777,-0.0211214906083997,-1.0838473924884082,0.2234869784635204,0.6891388882883323,0.7100326717552387,-0.7015213700897217,1.0655802102902103,-0.026297217281212718,0.6740870058926004,-0.17344959432838014,-1.9686042464358304,0.544302192911696,-1.0576849145732845,-1.5073884678792409,1.1800853249477388,1.774161979295344,-1.094372588476383,0.07584465889125276,-4.822256452934361,0.4755869815746949,2.605464604210286,-16.928222134803917,3.644289503397247,4.344162563381046,21.313086942160428,22.740017640776966,-24.39372187716801,-55.54295199054296,36.846225379597904,-15.2125918055294,-13.68430913593058,23.77546303070584,-4.454042154688502,-12.662817470976984,32.56656028697486,-3.581524993040139,0.0
1.3042897352759433,-2.743424748708127,0.7570433165136619,0.7707375298692073,-0.016410725844664097,-0.056302239923075655,-0.634448111280984,-0.2946215085571994,-0.08300121403007067,-0.159712192731267,0.408988494731959,-0.010565665508537384,-0.03907317058923436,-0.23770562117085092,0.019563312582185282,-0.08133422618311681,0.7900886907209634,-0.4619827664401694,-0.17299972349051845,-0.10437419907777008,-1.0822005368775904,0.25413309005580914,0.3940369382625982,0.7163299424937137,-0.6090533767787312,1.4371936863733539,0.37063771342111185,0.28811990696844014,-1.012386608776034,-1.3487283973584707,0.06516696141029633,-1.163069305501843,-1.1924899274428964,1.0539754674214328,1.4277689016718154,-0.611984949168958,0.5957898553978084,-4.578514432633552,-0.40120959089546127,0.9022176159391608,-19.48472381560857,-0.5796484552035415,11.715954402037891,9.027953752423967,19.08173324014783,-28.253231047086526,-19.698107812008747,15.924988548995756,-9.516422592217449,8.61694230394192,16.91706089104423,-27.36822064418659,-47.7607617207416,15.76967461323972,-12.036308716730945,0.0
1.301440500614302,-2.765186359672285,0.7622391968478258,0.7672141031299645,-0.009808404213347013,-0.05275624557524915,-0.6391424674656471,-0.26182988987379724,-0.07068332101132992,-0.15493427807246493,0.38192120336358387,-0.03245298987067532,-0.04465601531115553,-0.25901441082727794,-0.0014322336561509157,-0.062148420549049406,0.8084513502429883,-0.4639949226640966,-0.15482894455971433,-0.17545306033574967,-1.0930778273372284,0.2569991919399043,0.11293964224523848,0.6575180992750386,-0.58493359904033,1.7149564477679153,0.7908334668303033,0.11554430178474182,-1.4616508320386903,-1.0189197946772108,-0.4321552750073344,-0.9843871525969773,-0.9311834230971809,0.7809336056014924,0.5389291064583028,0.014686061511388359,0.8282985187665771,-3.773451343813672,-0.48401569508672665,-0.8337243969268635,-16.565577362695972,-1.5705320723179803,6.2966236447666235,-0.04963145502546418,17.53944697883231,-16.532281719723738,2.8977332747558933,-0.9069989453098923,-0.8659004587343748,7.874819148900288,13.340309373713392,-24.9615895172185,-37.316281734408754,1.3607981107415057,-17.00148363986436,0.0
1.297400765011548,-2.7871836735600404,0.7671540389723385,0.7635102413468606,-0.005383504689357862,-0.048310092226508,-0.6439637134379423,-0.22483561053381687,-0.051298501344867915,-0.15123328020095028,0.3494061893793988,-0.050004094319667125,-0.05769518465495276,-0.27599448226202844,-0.01969100284304541,-0.05111477307540569,0.8084764409070123,-0.45687375338728464,-0.13368462143589285,-0.22522907553161217,-1.1022605146335434,0.23038681254652021,-0.05237702439420164,0.5896860560561049,-0.6251466725213939,1.8284458827921337,1.0667258709472336,0.18303980797246608,-1.539466117719522,-0.9101355643259874,-0.5153003597769801,-0.8038994515199469,-0.8726545313832687,0.3720051860375009,-0.2581546467995086,0.36363135351350234,0.9474922318377093,-2.738316620228647,-0.08963828431860635,-2.175908166059117,-9.598159529403318,-0.8173986158863491,2.6528463721886846,-10.344737703918723,8.701047571593804,-4.456640464448169,22.388209508514688,-11.723795578842498,26.650362012713405,0.7920021880771955,7.568150949544798,-17.752848675292082,-16.517089489824492,-8.249858542849996,-19.225462355199753,0.0
1.2925025532601562,-2.8093728103439304,0.7713105779990274,0.7594241811806729,-0.002378809458211147,-0.04361205549132067,-0.6491280635740905,-0.18670305878927723,-0.02777629670934215,-0.1452159094691378,0.3181817830542193,-0.06727838227519009,-0.0694310894061873,-0.28766097429979554,-0.03722303076759145,-0.04908574504253705,0.7881207237520923,-0.4442310909609113,-0.112071922236495,-0.26220371532762216,-1.1099357285777798,0.1816188012947454,-0.13824887251854978,0.5202113890811934,-0.6897784591580838,1.840324363174118,1.2215022620426,0.346518259466682,-1.3850548614723015,-0.9638376072285101,-0.43375166851635993,-0.5550140685583709,-0.826192190704263,-0.012970053232340854,-1.228840564330244,0.5664315332268153,0.9563819093732985,-2.040052898332982,0.2682075402396692,-3.4233272561081765,-4.3636399748504875,0.21350125494870897,-0.6352151587864595,-15.14113270642115,2.8725163969829284,1.2115843912131912,30.435632591635013,-17.921958527652333,22.37139881146403,-6.21797567546347,9.62666529074236,-5.289004061607612,2.4273906502228284,-15.498211097317078,-19.275960396669152,0.0
1.2869304328084965,-2.831721978354253,0.7743704766478776,0.7549739823119952,-0.00032011683426351673,-0.039106557154692856,-0.654587550099058,-0.15000159603816993,-0.0018574871050608729,-0.1332610874556416,0.2938230891538783,-0.08638039338616246,-0.08076544701640785,-0.29212239248445165,-0.05386413963176245,-0.056733551371039234,0.7428471389503157,-0.4244575446629116,-0.09281897527469492,-0.2923114730281211,-1.1165271251315065,0.12081742125742205,-0.16412326598990798,0.44214411663056935,-0.73235271840507,1.7294252552662193,1.2950179464553524,0.751557442862465,-0.9446166954377484,-1.1464444811333896,-0.27878407153247353,-0.19938131799338302,-0.7615150744491745,-0.46466899714288473,-2.413108193731595,0.8832280711936527,0.8391727844931764,-1.624563886931562,0.5497272682391686,-4.046558277757171,0.4719354158595296,0.6386351097808757,-1.7257710359297864,-18.07064694640695,-2.97042304559226,8.430537315910437,36.31122199338502,-22.010701771138233,22.76583652381612,-12.867542720276465,13.137999816698931,5.920543317177981,26.296978511398653,-24.240967819652894,-16.68971997195125,0.0
1.2808273785736148,-2.854205196937878,0.7763420722832077,0.7506635934196194,0.001424943427269233,-0.035506737435718166,-0.659728285468529,-0.1191560362721301,0.024065030086198744,-0.10716604007494814,0.28580424867572496,-0.10795069872045235,-0.09060842051804448,-0.28515565421600486,-0.06869395689031427,-0.0720001907367179,0.6621955470081233,-0.3917580034246662,-0.07586711651547029,-0.3145408597016229,-1.1214639706610117,0.07079678079415665,-0.05260441706098723,0.35336566323517327,-0.6759598082961492,1.3560923908523168,1.1649993945821724,1.300491893451982,0.006209518288922605,-1.1343083826153746,-0.3823990373632129,0.38097438990155424,-0.6623718787640196,-0.6978718078349516,-4.163128478239309,1.4696520440062508,0.7429187669227414,-1.0341057003559029,0.7980283184531827,-3.5688782264217136,9.993708711708017,0.7465496572419352,-2.3424591509191837,-21.60956394536623,-18.580503046783452,-18.58098644341704,40.19801101198852,-3.6553293057372387,0.8594298483305813,-22.020537643527582,12.564399917218584,26.777681235223927,58.358922410268605,-40.49767329554917,-14.71187229457779,0.0
1.2744324565090759,-2.877007180989233,0.7773010357361937,0.7473078340034105,0.0035716246316323213,-0.034282199981073194,-0.6635834352205308,-0.09907591954612649,0.04383438950753595,-0.07533790639187263,0.3064630937669783,-0.1315568162529419,-0.10039022097052659,-0.25674047730138116,-0.07792674650939067,-0.08295547803122377,0.5268816746433248,-0.3206149250507717,-0.048254465370022474,-0.3219668261823505,-1.1433443208857137,0.018827347641333765,0.2158020360818799,0.1696293807567167,-0.48232663132564013,0.7881357654993562,0.7687724989508781,1.546672354465511,1.5752140658193952,-1.1469789969660746,-0.5630451107794048,1.3457562491460011,-0.31836612240733375,-0.16405889549276104,-5.2084398814028425,5.318190242840435,1.6861683156991625,-0.3659984591662517,-0.17316146935146273,-2.378479407043442,15.315287569513764,-4.487084350486702,-0.29130359231270964,-11.940720949751318,-23.640335961728873,-24.534755626941553,31.67202808262891,17.249889071045654,-9.08943816033268,-75.28673778990071,2.9364510267664703,4.21830002458996,573.5741237231183,399.48064536894157,-80.13311929512352,0.0
1.2678466163205138,-2.9007277088616856,0.7776753628361188,0.7454767634278368,0.004847979560718755,-0.035374472590595,-0.6655745930940227,-0.08323062941636393,0.06099226530760526,-0.03919044624662939,0.34807025853293183,-0.15508367866513384,-0.10933875694582862,-0.21189122506564426,-0.07734948320674837,-0.09327375795874054,0.4488178006633421,-0.17049263477805526,-0.019612692686166444,-0.3420997425852265,-1.2008138076694934,0.06086157366725431,0.014244826051340087,-0.043924295122218994,-0.21212165532454685,0.8112936110533162,1.0195105212659432,1.6581381495067171,2.100056850759467,-0.7373194059045248,-0.40693246723434007,2.300026893812987,0.5471691363072558,-0.3842031894813257,-1.9780777870204913,2.732361613688989,0.5939365759779761,-1.6833997440824655,-0.6717875590485849,8.321762438220318,-24.690217597840103,1.0399832699251421,2.493610605714051,5.025340257343449,20.266048403698758,-55.13050728793607,-25.53762525178187,74.65407375217241,27.9504187993577,-9.516802880427655,60.860930548366724,17.036220785916857,177.22498517173435,-639.4732514815713,-114.96132756541961,0.0
1.2613680599752646,-2.9244348089597225,0.7798488944488826,0.7436713540401381,0.004746509495431573,-0.03402703545216707,-0.6676620018288113,-0.07713153034398691,0.07300025797151843,-0.017951683118270185,0.4099393226439505,-0.2117603284852213,-0.08578642696438936,-0.1691870236877024,-0.060062837148170505,-0.09631022229497635,0.42421964237454823,-0.1809854301966571,-0.020658046657739768,-0.30340263364990455,-1.181803762795304,0.14403418013104116,-0.14823161589880335,0.16904837800785757,-0.3450606479387335,0.20002251576951857,0.19287237028444232,0.6051571638808123,2.912019784516558,-2.7992964881120983,1.2738582344887075,2.21840185097372,1.0014314976070637,-0.012773071694788876,-1.3532553514556511,-1.5558331209619414,-0.3146356070344428,2.66592432905894,0.09072921838366034,3.1328467689369517,-0.5677057486036421,9.16770254938143,-8.92903634168464,1.452336857751122,-49.28512241980824,-41.39433857751723,-66.6393908036204,54.74780744222747,-21.99000457323505,15.928921226714737,6.61046953109223,14.511103822412373,-46.42731459907858,-26.617676992575934,-13.924100916089508,0.0
1.2560350785855299,-2.9474718789288796,0.7826702239244204,0.7412578627970329,0.007196602435902042,-0.03111382684683766,-0.6704602296437134,-0.0858412066347647,0.06320944954829505,-0.013671986512862546,0.4802092564837855,-0.26854325471728024,-0.06635072783907316,-0.1299662997683927,-0.04329601756625516,-0.09361228555371376,0.3967649401148626,-0.21265859070711937,-0.03303493254403576,-0.23459708833477702,-1.1354441788970862,0.13621795477834933,0.10740494759611542,0.5088633316071708,-0.46073256463139145,-0.6442967738284497,-0.996126612517602,0.13880760904628572,3.1405710907640865,-2.37164135754779,0.7768104156809241,1.793507442047031,0.6799745648676909,0.31449830149026553,-1.4467784977045706,-1.4428099455189973,-0.6711863492973423,3.6072695074330143,1.460964649859551,-0.8718382592953906,15.502275782671726,14.38591749295968,-12.302238060160965,-8.241897548975983,-51.79437399694178,7.28573371715733,-84.24876295170556,58.66790885386068,-18.584040903725576,-19.014497460437767,-19.07345207895302,23.651984605125733,-6.838382831963104,21.550033748670153,3.8260172533652934,0.0
1.2517838945878297,-2.9697087128401893,0.784955194634049,0.7385730744447887,0.013022167700926117,-0.027541079260265222,-0.6734847628615825,-0.10860721932143261,0.03543113045514517,-0.016791245401646494,0.5478699700736915,-0.310250854274776,-0.058308786667755685,-0.09986372343478805,-0.0321815485981479,-0.08401465793972329,0.3711971988741749,-0.23620450606493626,-0.049889453045909415,-0.19475876586899205,-1.1008243804371283,0.09697862117870328,0.25425970117486835,0.7238634297752672,-0.44066192706352025,-1.2682647797763353,-1.5895853704644372,-0.07901914819479225,2.884108358244038,-1.6756160903287838,0.2779377116102711,1.3132169232222608,0.4848314509321599,0.7982944718238917,-1.1467068988294795,-1.0158073541960326,-0.8424463414881392,1.9533811891276642,0.6736396278382244,-2.3877707720991856,8.940354870846178,6.610647239646366,-1.4167967772855223,-1.2836294965333401,-18.243268286693162,18.421548715401578,-87.5433449780258,42.563124139331414,-7.892030406619936,-13.40017001919047,3.7069449366601175,94.94627442826088,3.3393260263795073,4.719410189667131,-4.898499370134239,0.0
1.2480476283855826,-2.991509526788661,0.7865706240727494,0.7362780826753159,0.020138251288125398,-0.023442956103782685,-0.6759729755072562,-0.14002581911722647,0.0038276869408335056,-0.016830648736273723,0.6060722182357219,-0.34750297935820734,-0.05420844766080264,-0.07706617854424726,-0.02183021138931855,-0.06034441199463264,0.3519376260767987,-0.25149579252879806,-0.06761988076160264,-0.1809074749920949,-1.08840000512307,0.07083291875967923,0.23918648550955968,0.7824302996237419,-0.3270417779090054,-1.6003000517936412,-1.514819800089764,0.15837309128818194,2.3870237846437723,-1.6137380714188632,0.15935872235367562,1.0372209137789543,0.488509222572738,1.237238485431808,-0.7896294258558768,-0.5844474189544292,-0.7977549918867608,0.5512778807771443,-0.24669765398793225,-0.9432456153218443,-1.0461762304705522,-0.645084017940552,2.720047659562411,8.004565742746802,11.193269712879834,21.232109685746405,-83.43081512113584,35.58143303901819,-4.275776837714041,-9.227085296143104,-5.721667154861532,-9.749257809410068,20.930758598238217,17.917701161578467,14.86372449191131,0.0
1.2444658025456863,-3.0132881000714082,0.7879619859447107,0.7343782433825523,0.026761526044725505,-0.018877069735335244,-0.6779499042026057,-0.17449456136703564,-0.02199143765372863,-0.00896151147725707,0.6509015653941658,-0.38416627119506974,-0.05144350077373648,-0.05753848684225377,-0.010846190704407507,-0.032929123435575615,0.3383018736018124,-0.25678391288637586,-0.08130079957310712,-0.17741653703261934,-1.0948446520099295,0.07018777945079287,0.13467210770845447,0.7464762726677868,-0.2854316560984369,-1.6742828412943926,-1.1276600190950248,0.5169747135479446,1.7648046498027088,-1.6195269357203386,0.1093903026306468,0.9535203896626394,0.5563865925163415,1.3059404712006848,-0.571280330146096,-0.027062913636838534,-0.5392333281213286,0.16292534816066498,-0.9960459682566905,0.10834589603260739,-4.620576803898837,-4.640573455538252,1.2292625758285702,13.26198454546885,16.489121897253387,6.951830232552905,-68.55143522351412,33.127473892077376,-3.199723259284326,-1.1711051346215282,-1.2645103490238483,-17.187854454345825,14.145005204771524,24.662748952195198,18.5940892852327,0.0
1.2409640071266397,-3.035283799028426,0.7894436789134605,0.7326048883656939,0.032332422434631004,-0.013941648777078233,-0.6797428355132369,-0.20963009324834508,-0.0414318730884753,0.0016521308236693033,0.6826308398363715,-0.4134706032652057,-0.05045929693145699,-0.03939529258114705,0.0015105784384329085,-0.0043413525112724945,0.32889731498098856,-0.2514534498592931,-0.08900471528610693,-0.17324090832293926,-1.1087626428747774,0.07814984111265315,0.0324879084688601,0.6985058269991637,-0.2715782847996904,-1.709708325241948,-0.855059592177605,0.5046550543116878,1.2084531963864884,-1.2283356845686917,0.027875524745300785,0.8995106165566273,0.6268149582609925,1.3209008708471874,-0.37302734685637007,0.48411485683457717,-0.2932764777984095,0.18936582727708917,-1.327798322798846,0.45726028415990877,-4.496080890852662,-5.159092018801045,0.3008495651104077,11.71886406618179,12.219682566557664,-5.906674824040541,-52.22920501192431,26.805051518641037,-1.3291529808649223,0.9326786313955465,-1.0051886619520376,-23.642690681031198,12.107902851763134,21.753581611714548,4.8907962486019425,0.0
1.2375849751341252,-3.0576202280521128,0.7910860954564947,0.730861089511081,0.03695669820368688,-0.008781179882857818,-0.6814683860432725,-0.24557501471943527,-0.057022155896359,0.009721605749461496,0.7042272435610654,-0.4305763360761817,-0.05033907610350606,-0.022380048359674963,0.014600697972993269,0.021803504050244712,0.32404077744916004,-0.23754976404176836,-0.09469900088623684,-0.1654973189733653,-1.1284600642560862,0.08584612993902382,-0.038918892353688235,0.6499942349566764,-0.2705246425468424,-1.7656248613598828,-0.7068268469323284,0.3351176486529269,0.8051870115086657,-0.6545438265283308,-0.001877127425109011,0.8503424511414773,0.6515862298874259,1.1595317747853202,-0.14998163567648737,0.8618296648789546,-0.31047967205358257,0.37302085550675146,-1.644422174453422,0.4018242106651425,-3.1312473281702586,-5.413853004145516,-0.535861338605115,9.782607957175019,8.896445371260345,-6.817783361706822,-38.341493907619395,16.129984453428207,-0.3922522998024389,2.4501391802166452,-1.2773338405133354,-22.094452216579867,9.570863590582036,17.928316429576526,-5.530999291359598,0.0
1.2343945803886598,-3.08043047378398,0.792831713570555,0.7291016795763265,0.04079794831361695,-0.003628131847210874,-0.6831786771494547,-0.2827263782828005,-0.07036402394037619,0.014332533895621937,0.7192491492339209,-0.4356263855102287,-0.051636779653327955,-0.006051818296733519,0.027748201577314155,0.04360149383489156,0.3234655130164819,-0.2168424389361065,-0.10140191890754738,-0.15450841197180373,-1.1555055617025227,0.08871517119427208,-0.08279320747748514,0.5908009829774675,-0.27184463869415415,-1.8317897659743851,-0.6148373797195229,0.18560606098253093,0.5608710460164743,-0.12383777284791515,-0.0669105735759811,0.8323647514234686,0.6445858974356662,0.9577678883096963,0.04361476647704028,1.183569351929951,-0.3683692855495077,0.5644407468510904,-2.027472704661111,0.13551251149805882,-1.6124069883354981,-6.101010617135478,-0.9744113031332448,9.293047975071726,7.08278536415382,-2.629479746998732,-28.440033667878538,5.32807152526681,1.08861357947538,4.501109475691299,-2.3729423585445124,-18.284793017717835,6.870609347091312,16.77858433555229,-4.054614051549927,0.0
1.2314484165045685,-3.1038588416965003,0.7945536557983844,0.72726957205948,0.04396073673630952,0.0012696650425308815,-0.6849414654791329,-0.32090542429829033,-0.08192567981500323,0.017306470867631374,0.7298061795185511,-0.43136865197211555,-0.05416935790359215,0.00976200482593245,0.04051000013570082,0.06131636480801189,0.3273595347188501,-0.1901549768087628,-0.10884509946012048,-0.1411639029784123,-1.189746583527969,0.0840660825925836,-0.10437090615990346,0.5194632937053972,-0.2821993629520771,-1.8760863861173265,-0.5356212304551373,0.14498488827453787,0.38095343706181917,0.26116982900636126,-0.11940168178029582,0.8114051712644194,0.6159728734908563,0.76665587317927,0.27282224677680095,1.4689064712944628,-0.3904548487552119,0.7020698035259796,-2.4169486822023294,-0.2553967843564057,-0.4490461787154935,-6.89731133654602,-1.1653539782008653,9.939534040806652,5.406110069643812,0.8861811332177882,-22.476665046609963,-3.496721586961338,2.2032589695740836,5.926593899833888,-3.455891237337957,-16.162773909809655,6.089103551238517,15.535569111603902,-2.7362178885918937,0.0
1.2287788440337961,-3.128039777276684,0.7960817444628903,0.7252787543481217,0.046499739512923036,0.005717430018844825,-0.6868593842341,-0.3592405169559695,-0.09169409442002452,0.021122172013325908,0.7354539196162149,-0.416891501105775,-0.05702036084704628,0.024527563708934285,0.052570172868637126,0.07498834562191171,0.3373024463475778,-0.1582315098085944,-0.11647982764456095,-0.1269277928585707,-1.2304902519981225,0.06986387927717584,-0.1134625222262809,0.43753935203815264,-0.3029632467438764,-1.8684102839216052,-0.4555967767011004,0.21174745471232506,0.14740696625978147,0.7278776612691794,-0.1276366377154814,0.7565288540981837,0.5767482886763547,0.5640380694680505,0.5953784455971884,1.7180412780766026,-0.39662825089179193,0.7518671330918256,-2.789033435467911,-0.7752852041921575,-0.00028941494863046757,-7.681375686366654,-0.7653883434185847,10.861514371282453,3.1269658853868254,0.9798260768560452,-17.597817046046746,-12.885803975864446,2.4147853973067996,7.273840851599868,-3.9228907552081513,-15.707383822069161,5.577987940609311,14.601559940954916,-2.6920732401528,0.0
1.2264010383663542,-3.1530957107068773,0.7972081160353405,0.723061197043608,0.04842402538207881,0.009565432812697847,-0.6890182302310776,-0.3959192762730046,-0.09983930596693175,0.027834822221793478,0.7326448230795944,-0.3905134151743787,-0.05916981334865889,0.03713106302657064,0.06372000280728296,0.08415045310034512,0.35598030292797966,-0.12169224140163624,-0.12410776979249721,-0.11237482091850866,-1.2769941293703064,0.04404745587646347,-0.11502991085323505,0.3451701249855752,-0.32775310186039236,-1.760584512830187,-0.3958572769819097,0.3609608940541027,-0.29239848099158344,1.2603005115908283,-0.09146713645899456,0.6399632005205969,0.5297249192388838,0.32515970005467076,1.0622390735741127,1.9438171822630437,-0.3978970282377839,0.729279110208212,-3.119003482546357,-1.4638955472800774,-0.23350873383084692,-8.439315437407338,0.7341366840032423,11.406694449277094,-0.5861499927189581,-1.9635529247897507,-11.350288954306013,-24.62352711401967,1.6473154392613147,8.778141604902439,-3.8732862600257043,-16.577726271319737,4.58744610959805,14.747201853570221,-3.096725132687737,0.0
1.2243094014540752,-3.179149158035623,0.7976992208370164,0.7206120715836173,0.04964091794911894,0.012663824008932808,-0.6914431640522648,-0.426871815493136,-0.10681671013955782,0.03948977858054641,0.7114537893079507,-0.3485230367340671,-0.05978197195026361,0.045755928610814636,0.07397750503279954,0.0882399572712879,0.38763813698978133,-0.08004745953133535,-0.1317115392689225,-0.09926969377194839,-1.329398048016255,0.00482442984999651,-0.12233448030572669,0.23183122617931826,-0.34191123345557856,-1.4217641463482171,-0.36521076279847764,0.6037272503509745,-1.281424114779911,1.959921627205453,-0.009606758244394385,0.4246156401264841,0.5005320493894218,0.06490724683901324,1.7591264406111673,2.2439863976889662,-0.448722287226674,0.5437825258806235,-3.390752952206591,-2.4487190336904154,-1.9366266264480143,-9.475573386261583,4.142641056250073,11.335005296045805,-5.2230079655514166,-7.29544550924961,0.40856546082292144,-41.60414783461708,0.9559052458813333,10.537605293996638,-1.0398083179122577,-15.016871501780958,3.1590652276243114,21.061526735785964,-11.759403397992797,0.0
1.2224299401304743,-3.2063212462623794,0.7972338971474368,0.7179429384287743,0.04971336380110599,0.014884302793018944,-0.6941649488055425,-0.4438716797929231,-0.11298322937342516,0.0578227697915326,0.653045534937682,-0.2823051386049053,-0.052441091497261325,0.0469291955511798,0.08444283762934707,0.08764340162924177,0.44020681246322196,-0.02992491143971324,-0.13905766749355392,-0.09316991645111802,-1.3875149408702754,-0.055242685201240066,-0.1776454384866655,0.06634932381512704,-0.34585263712801395,-0.619281256421251,-0.3388471194664108,0.9011090017026476,-3.2280062877030233,3.054655041467364,0.37200472964159736,0.010640013011081065,0.55675147027055,-0.199650672914306,2.9079655124035564,2.7718381606855904,-0.398106849546115,-0.10987884573632056,-3.5490839606242557,-4.101670088577159,-7.267188169745639,-11.317180470244777,10.527232470845508,10.257562897048707,-7.868789277481294,-17.453628165144018,29.023296959210704,-69.72880574576315,-7.423865268013804,11.289481228467102,4.034722658985857,-23.66609602336551,2.3420580012706793,31.930035813382915,-4.148801503073738,0.0
1.2205059318217149,-3.2346729874379383,0.7950585581317244,0.7142746420014995,0.047494388230844974,0.016343037094458432,-0.6980608311735707,-0.4361812315063111,-0.11713017120638444,0.07510663154392469,0.5440731684583487,-0.171143959694695,-0.029968628339841215,0.035536846406152976,0.09781357691813504,0.08344577483814401,0.5249999726952033,0.03378264116434397,-0.1394797412208787,-0.10486443398508014,-1.447943138027955,-0.1663033089108593,-0.34456354926794175,-0.19735526436028647,-0.5744054264166025,0.7647799383351854,-0.1342559223293401,0.5861391697429811,-5.527758322299773,5.167547335777783,1.0893330417883926,-0.6452988387219241,0.7532117549937825,-0.4418482188312164,4.56064164028366,3.6321562329967874,0.14867258272204792,-1.2838092176355995,-3.755939903943403,-7.107517324673273,-14.946136448253213,-16.548148032212957,5.323312768810618,14.612891970900579,6.795727447203168,-42.11231694854743,92.80582930892999,-117.24781814484994,-20.653546234249472,18.313412601425007,8.516291817358542,-34.425259646389904,-12.427367575634197,50.015251360705896,16.82651307851851,0.0
1.2183489424631586,-3.264307952881533,0.789779449441563,0.7073805238411662,0.041279833352855955,0.016994726162770216,-0.7054218235433392,-0.3961979550629985,-0.13031088275285,0.025782842766999,0.40409636466821663,0.04191685764980649,-0.029443913281857224,0.012245672522002352,0.10503342342804553,0.04922664475817311,0.6470462044328515,0.022173992428668743,-0.13082154695249368,-0.1281227887932598,-1.5149873174251867,-0.3500673261019378,-0.6233967474219354,-0.5994756351541252,-1.3224291597620528,2.5784318520821916,-0.39096784259121553,-3.629488062950613,-6.261096178998652,10.201521408484883,-0.11178306257086933,-1.1015023952965923,0.462383657412311,-1.9427386624310348,5.732332511842139,-1.1672649038192648,0.4286243533056801,-3.0779578472097793,-3.735910337484051,-9.631081873651063,-23.533551342419564,-20.12154816501528,-29.72139144810512,38.18346585376147,70.158274409917,-30.048363481259553,177.5542711807171,-203.42511499582054,3.82550840096686,29.7062033677157,33.33036032722561,17.516434823103157,-122.0367063481634,21.454861760126217,-6.166329705756549,0.0
1.2160313442159363,-3.2948829036727156,0.7824657617355176,0.6980660338311697,0.03309558218195071,0.01607560217998871,-0.7150874560959719,-0.3407615070543506,-0.1405300031371504,-0.05886906094352567,0.364667524888695,0.0721476186748696,0.017222962803376454,-0.0061327792104916195,0.09967509867462948,-0.0021551822660884432,0.7394696247268164,-0.10452168245112414,-0.1535065612054384,-0.09737929637408302,-1.5268458253401,-0.31867241463393603,-0.1708284692738149,-0.6183791097945187,-1.3280354027406156,3.21870085473313,-0.27014185163933624,-2.925931098291725,0.08569811661681284,-6.300171682770576,1.9912936672862316,-0.8537792558835451,-0.8146211649620715,-2.409837583963638,3.1922766065581945,-6.607204180069354,-1.2085788615431168,2.6340383458158256,0.6811729847670043,6.974156620242389,37.11365729707248,9.803331364909129,0.18914406880514817,75.110848299249,13.757395076406413,147.81802605358297,-8.985932220668417,-400.4742191217838,-106.10702385304323,-2.178802400119981,-46.52317949881838,64.33271014528206,-162.31887154743504,96.79406394146925,23.357677839641482,0.0
1.2142218547297279,-3.32423732802613,0.7773900617266573,0.6898510347697917,0.031107755829186172,0.013476781509511872,-0.7231571293394435,-0.2776328468892576,-0.15004021008946172,-0.11631750238680011,0.3647209453374997,-0.07035714169237704,0.0369873689141754,-0.0424920246861312,0.08296052433481106,-0.039309637413721024,0.8083746784906982,-0.2766934893372029,-0.15489051824487987,-0.08970309880061542,-1.4321162210569063,-0.20540970902054276,0.24696741020754137,-0.15661520259047845,-1.0113254299646792,3.1730469990467722,-0.5492503121690542,-2.577789646318316,-0.4653464381241381,-6.603523967915998,0.5433897862806104,-2.3339087816703237,-0.66458506009306,-1.2199743275634054,2.8448270064460517,-7.859337627577754,0.1262466176383876,-0.20419642198362972,3.2952824086502868,4.790744822255127,14.51761189236953,17.132909686664856,14.179020837981312,-1.054430640792333,-2.9378578485886795,46.584744234137304,-59.73394306575844,117.53202200121858,-26.935138632281642,-43.01479703095211,28.799824011349237,75.81894963818975,-102.98474043806362,151.6738052753943,0.4969176118934686,0.0
1.2122973729426711,-3.351971790943292,0.774059445318127,0.683596689450497,0.03329226058272702,0.011185631056771256,-0.7290144533652778,-0.2276830034399112,-0.16004235666854139,-0.14464890518211632,0.3675727570483167,-0.17449880054864997,0.0487368769875579,-0.10187985655469635,0.07570213365389546,-0.05405496940497224,0.8591555051378468,-0.4198485364640186,-0.12574777037444432,-0.0985887328150426,-1.3599819505167672,-0.1179625447817716,0.4646973544620724,0.06629258053833843,-0.6454971798459773,1.9403446733063527,-0.5228067534720899,-0.26346821171012463,0.6747418144060444,-3.8053471756028525,0.7786484035184562,-3.2556632901243963,-0.21689473899394238,-0.4472971336794145,1.8205917843862043,-6.045971685064827,1.472579268732055,-0.5740867792891049,1.5634039559395114,5.147246323807219,11.745218905071178,1.6501921878916042,22.50826808412542,-34.48818499139324,-6.245330262966877,86.5773065212084,28.283013455800962,141.25143607042364,1.9490189534129014,-12.617398271992586,19.047238151764702,31.600024262114,-99.02763840371244,128.6103477871326,-27.167816822675896,0.0
1.2099519638987184,-3.3789343214766014,0.7723000755815501,0.6796059173754042,0.03638845983158897,0.008035619407310887,-0.7326302654683069,-0.1957672880770043,-0.1712122661216645,-0.14712230943096055,0.3936898348798586,-0.23194389009974845,0.06005756981477218,-0.1702868455610675,0.07803040821085756,-0.057767436983746104,0.8843592214889375,-0.5137754421322426,-0.0916890841320063,-0.13311786790974245,-1.3517480098410228,-0.06589329049911148,0.4514853006927279,-0.11194219430094007,-0.4472758515626108,1.5792085025692506,-0.618871987353214,-0.31783959742597523,1.526064695382557,-2.2297857666141665,0.43163897415612945,-3.3825353936759757,0.34299495306665395,-0.0572884812224641,0.6884201860627734,-3.7957765106723738,1.4965663018382749,-1.7668240145411398,-1.3288585859650823,2.1757921951588237,-0.8674527176517827,-17.22844454547843,6.420506645319451,16.060853641855775,-7.136245894842138,-34.03767457031711,4.844388642049515,61.89849355917388,-12.815868969154035,15.172531651981354,20.827016422812875,7.576622733316925,-65.1836887373486,85.37663458629612,-31.559163174510736,0.0
1.2069633291722777,-3.406031165271505,0.7713367846040223,0.6761564224497912,0.03757817584794179,0.0034221621184697755,-0.7357911808973225,-0.16773259774865173,-0.1827664868194922,-0.14780872889835026,0.43508200679334924,-0.2643409243946938,0.06602683082117687,-0.238138887755024,0.08779632638776193,-0.058239360318505316,0.8899140812375504,-0.5612844070081033,-0.0686365638409584,-0.161971913597028,-1.3689361999903944,-0.03221998470111219,0.4349062544875539,-0.3897816940962756,-0.4560163976044832,1.4601813648597306,-0.557903205754349,0.14667243936444865,2.267136366206936,-1.119533052789997,0.2674527838256131,-3.26524257708325,0.5535940581273667,-0.031714671589025245,-0.055722503225981546,-1.7645169438564297,0.932366163042559,-1.345773613657298,-2.4185228803656997,1.8672252983776725,1.1310281308770507,-21.115581583099367,-0.8769070504186941,20.53416223039826,1.4234340286036435,16.976047615220562,5.434067076265202,55.81507292205313,0.5452498298311517,23.687908628049914,2.9287890485332193,-4.248070343083695,-34.838034488277614,44.107787968552756,-21.035389012999733,0.0
1.203408598068435,-3.4335405887372783,0.7709619100212848,0.6727031419653973,0.03682031870114204,-0.002590394462290314,-0.7389912291611854,-0.1430653770946705,-0.19177380775546313,-0.13514315024443765,0.49099740946075743,-0.27483594547286083,0.0707222520725318,-0.3027739688304295,0.09602930706257534,-0.06813258492051799,0.8849864065280096,-0.5682661189208377,-0.06096612209603012,-0.19197937917792088,-1.3935240133257643,-0.00689045284481292,0.38632039397154727,-0.6011450646575722,-0.45585939223060706,1.2848032868706905,-0.3763270515949029,0.8698586147286682,2.9394236337380835,-0.028741645959859966,0.29888385860797806,-3.064979501598508,0.360227699399264,-0.7072855667490201,-0.3924053696986211,-0.0021375187052725068,0.23328801234419497,-1.7187715502389875,-2.9243251349330617,1.3529624186364317,-1.962419283667741,-18.50126170522833,-1.7326830338998052,21.84464004868446,7.920258647179512,16.562846330098125,-3.2323168555757515,55.82267355743338,12.804775394204212,28.12581538069217,-0.472367110947127,-11.266999508771914,-14.335519375678581,7.652489401835527,-5.988012999201438,0.0
1.1991228080568215,-3.4616004561835805,0.7707897032404872,0.6692191415513854,0.03419102757765655,-0.008715213311885135,-0.742226892042683,-0.12111572771426402,-0.19329985120213464,-0.10553304639046567,0.5556758000778842,-0.2668135999875866,0.07694632490769941,-0.3624678138051684,0.10000085117394127,-0.09299245589127009,0.8744352223382906,-0.5403186462720894,-0.07146050675687717,-0.23400320201119693,-1.4220558033160853,-0.008774266822180764,0.21523116790094082,-0.6878777929429988,-0.4517816077580819,1.1564587880242077,0.11976979939101334,1.714333621988426,3.2325294578920936,0.7627795404127942,0.32462242175597134,-2.803785074703189,0.1825343463270426,-1.3936448071339915,-0.5811719398756334,1.508326750412733,-0.5618360818122261,-2.3289858216618313,-2.9239980564658072,0.08863852808788315,-7.670013356267842,-11.423078257774806,0.217706817337116,20.669484582495937,18.844220206524405,8.860824792507728,-15.426375287492899,40.06345360324743,-0.6246523969577242,27.9876146130832,6.36221272076215,2.9414168271551437,-2.3223864546896973,-24.395130108701167,11.385709717419504,0.0
1.1939206827875803,-3.490207326011367,0.770432049572644,0.6665876485586912,0.030312146669001252,-0.013542089361065894,-0.744686976097373,-0.10156134686150046,-0.18098110864524844,-0.054032339310617024,0.6197225960542946,-0.24325290976292904,0.08355842327463976,-0.4162732084711052,0.10055089523055494,-0.1266076633049597,0.8573707262452671,-0.49078102670042156,-0.09888298586131368,-0.28120367723843226,-1.4460032406648764,-0.025266291651757495,0.030397942136134174,-0.6116330294129015,-0.23342379417474463,0.987806729708836,0.8147080154644418,2.6039006103060136,3.12595418695824,1.468578308706605,0.23866942798712115,-2.537440790343902,-0.006958265676851129,-1.6270441592832623,-0.9062969701764485,2.335630785451895,-1.2951057404059876,-2.521967403842952,-2.3963659047611103,-0.7799366656892002,-7.928518662420648,-2.177266014205091,14.080013791828042,13.825976311163236,25.636308382826456,18.266693964909567,-33.635176910171644,62.90693210590263,101.0192007811567,21.833534845449023,1.8096903315178992,22.923700112340274,3.8196024026791826,-46.59587574630316,26.89078329336966,0.0
1.1878312517788727,-3.5195037851834785,0.7697205519000141,0.6664106293329307,0.02591310392640212,-0.01716588203554963,-0.7449367198970184,-0.08335562670159653,-0.1563254084703445,0.008319475632661801,0.6807995333629281,-0.20771487482346881,0.08003171615245591,-0.4599939540841992,0.09882556812339362,-0.15254967018268872,0.8250333250978864,-0.42562683380224653,-0.13360536371609644,-0.32053933783665245,-1.4853244422024539,-0.04705931321085317,-0.04298812919251465,-0.5612227711443398,0.18980239079149286,0.9440823244763624,1.3252733027909511,2.9161283028525324,2.9569590463090094,2.091443245889079,-0.23664572016975738,-1.9505122725210067,-0.16811042873015872,-0.9147161282255802,-1.740713618382447,2.9762240661455763,-1.5533160722424149,-1.660914981753199,-2.672448044289802,-1.4187178420502047,-1.0506545556309916,-0.906511549568778,24.42900234871209,10.326910617998221,-4.067130729306625,-58.93515196271194,-13.994930622266423,35.35501339070515,-0.2770265581814752,23.35020003545291,-10.6761127096663,48.170067388362895,14.318569271489434,-63.75456611374173,32.62343661399957,0.0
1.181075271577317,-3.5500822026647247,0.7685380269260649,0.6703279298094947,0.020823696528152677,-0.021403734043049186,-0.7414639036050478,-0.0626483015517488,-0.1313673447283302,0.05227966417305408,0.7414145227935363,-0.16219111678973241,0.05586982285947521,-0.47024690829856225,0.1011619191667241,-0.1422880428494837,0.7225944983679371,-0.3144277582212114,-0.1585967374997647,-0.336368207207945,-1.559631866628237,-0.08692592911954695,0.07302960509980047,-0.6843781327101733,0.8075454934731696,1.1187500888510957,0.9753869912333143,1.4994193670104141,2.946109787707716,2.615332460511651,-1.297047003832208,0.13893420344566393,-0.0016894523137707673,1.3905552566297652,-5.926829341273378,5.211530678220768,-1.0222288513639937,1.0220980745996064,-3.055386864766416,-4.173328639206911,15.784899857971642,-2.002811427878758,27.572508017868934,10.316024284455866,-38.70814691974833,-77.4249852147774,-20.48491230442931,41.059668404673836,8.705359926100096,36.831078363208825,-36.47392912905845,72.66086018203013,35.48619107199269,-116.97496687645182,21.58597925460348,0.0
1.1749232102573937,-3.582455343799907,0.7655474236765321,0.6783682420385481,0.015682105969232817,-0.029998034797074996,-0.7339419034598134,-0.03393577487589978,-0.13870523124399073,0.042876574191977344,0.7863018087247767,-0.17291131699206297,-0.015159147366634762,-0.43200492840873117,0.10151741512251976,-0.07812246083714078,0.5384750058637051,-0.05389756913604063,-0.15358972798296458,-0.26867356722541474,-1.64954233467158,-0.2265830579996493,0.5572754259758629,-1.030820339612775,1.3503679107354651,1.4975143472843688,-1.295104832033291,-1.3240758733821776,1.3802981472469544,-1.1819796884449838,-3.422855602528183,2.5418111319454333,-0.4869024562147034,3.9614516636272246,-9.047822420331208,12.73688097263175,0.41686678451443093,4.748895115888005,-1.9033712657389905,-9.963885696081672,31.165948847389082,-4.203608822099755,20.920310554109527,-11.884116117576612,-76.82595429002937,-30.309367893947318,-77.53231863676956,-4.14046086361741,68.15229767001232,13.909943459650178,-84.81639474052051,20.595315946237353,179.5072368405239,-252.29260893304428,-8.403036164606435,0.0
1.169033900990372,-3.615510851418619,0.7615180750210591,0.6883630028827812,0.009569777005791723,-0.04024750461868516,-0.7241857040857883,-0.0038653112221970548,-0.16254945657804118,0.013446214930781804,0.789475490736748,-0.33707781843459694,-0.06479565433221937,-0.3637796489165672,0.10171888139082201,-0.009144026143117774,0.4454898997990164,0.03347123072348506,-0.1515664015839052,-0.341826942372045,-1.6137094247571586,-0.12137014880919772,-0.042295736847899335,-0.9590702997623983,1.4412591353545983,1.0392329745991429,-0.5356279506927841,-1.1793523713699292,-0.6785294732144402,-8.75737465763911,-1.970279386373343,4.050013297227314,0.622011189698009,2.3474910307238974,-1.5887852754309892,-4.767123244405247,0.006627567927635511,-5.087889776094429,5.9828856500595125,10.539890805452515,-47.19161986475199,24.636766312813144,3.159272255296849,-79.97237881535271,79.90795028881301,41.16706630644843,-63.059472470853926,118.08974555854086,45.72875472335842,94.717858978189,39.68265217140751,-156.9298870474446,9.914290189533196,-455.29122039445076,7.761972009550448,0.0
1.1619595175778263,-3.6449792659104894,0.7614216132692242,0.6948180619699177,0.004052414772643772,-0.04058602689399065,-0.7180280030164835,-0.014667441870097258,-0.16448137736649954,0.006561848663037946,0.77599603058401,-0.48815824782633144,-0.08055144500919313,-0.3156832537823629,0.11878203935792701,0.005307769320470665,0.46044553921287623,-0.06177267033644258,-0.15493889152627155,-0.36060096445860446,-1.3834352282379696,0.08357395647786985,-0.5374562082519736,-0.0359015781718403,0.5648172589021805,-1.6131423853717317,0.07726391461760816,0.04241775099160676,-0.7293361118357402,-6.329926795396931,-0.46470164163959615,1.7121562215871604,1.0119751129998842,-0.19768386672439292,1.1554688906668875,-3.728888890161169,-0.2993404366594602,-0.20750087672163203,7.690096844546892,8.054556749910242,-15.900227506380617,29.24760890244656,-29.979490221314958,-100.24223016916243,0.3459557611068096,20.13594671320444,-6.327411382513709,134.59235147834931,14.495149245027774,-22.055105518396946,21.12816930462302,-31.351248717445774,-54.046492780711084,135.43213483194444,-1.6505299747820557,0.0
1.155262125134713,-3.6714691694844275,0.7642732894215101,0.6945333899103159,0.00194326199774133,-0.03615320658846743,-0.7185489125215249,-0.05267408154227787,-0.16042070022048607,0.03566131913200349,0.7320749541974919,-0.5441685311555459,-0.06169247309118092,-0.29386482807861397,0.1445666293312612,0.018045149346521034,0.4915982225537579,-0.10924241870940754,-0.15492620838300095,-0.31672205302611556,-1.2822054034545693,0.17962912691715194,-0.42630709725286825,0.27610790312977085,-0.37628196197095987,-2.257040715822676,0.05824486936487405,1.8797536036080824,-2.5809666285578166,-1.7147913706291742,1.0297199496082234,0.8265778733428145,1.4609772228028914,1.248353741007138,1.534821317067968,-1.3864689203329952,0.13734366106326978,1.7916108829048796,4.07400077631907,3.320745396186499,3.390352427701889,9.735882907186218,-23.643225579342126,-45.11463350689367,-31.522962590392893,-1.3788162628956577,6.096827137932721,52.51110568090827,-18.981697309445632,-11.365551408089814,14.04827443835217,58.84695587463136,-23.822929068455835,94.45357316983734,11.829512396590694,0.0
1.1489856814380786,-3.6964815893434717,0.7683489632659667,0.6911532922471844,0.0014714426786579505,-0.03002874081685158,-0.7220825688224839,-0.09531436741984821,-0.15920826993236734,0.07215778074920454,0.6423834195303068,-0.515304770457982,-0.021409322739013595,-0.28506593665315527,0.17374273898315507,0.03951473322424463,0.5288344405790506,-0.12063794865882428,-0.13167219666969335,-0.318264773547792,-1.2227510345282089,0.21232625280817294,-0.5815021418880749,0.4549417244786713,-0.4509343405167965,-2.34880355829106,0.012710450188955804,1.409218190464188,-4.706732737163585,1.8609534083858739,1.890893175111117,0.23403580566394022,1.4234841516184473,0.6034076706398348,1.8714747479634044,0.10502150499138374,1.3658050143966973,-0.8905239872821324,2.9211610230661846,0.3229572463204107,-13.29883389115555,6.363017497471406,11.015810587380129,-40.6004159481796,-6.347302112618025,-64.69191633071839,53.97599002392317,-29.367147230564647,-37.17461887490284,-13.203511594340817,-5.620872721606862,-66.83339582180672,-14.608428644758394,68.28929798782603,1.446437620651908,0.0
1.142029930846279,-3.7207287171372645,0.7717028323990363,0.6880829252400577,-0.0006350201896156194,-0.021145610308320347,-0.725323615986087,-0.127835545867802,-0.150914650314816,0.07776338950659441,0.5011219528185902,-0.3363434096837418,0.03278229637613173,-0.30260132769848175,0.1939213286119074,0.0034014706221729904,0.6005894559930672,-0.10807498871450832,-0.09175490363437777,-0.3824412978406021,-1.2051829261787463,0.1214642034141934,-1.0439903656418978,0.42213444350348117,-0.3446424689186194,-1.4862601455973181,0.8943913108533018,-0.6118921457744158,-6.917085029590202,9.193582863712523,2.4707744089965082,-1.392997420699761,0.9650403313986016,-2.980849784117308,4.318250437281464,1.2970585241448664,1.871977005872501,-4.225770265217927,0.2732910477832537,-5.34071086964425,-29.860373890745933,-7.089751007209065,14.610276323859821,-7.249766802892288,61.314422778945264,-89.61303071762761,129.1614946314649,-164.12793571020467,-48.68647507615966,-24.68171569444401,11.458112909185033,-71.04369273433261,32.58796120772282,79.0501673641364,-27.39305123206038,0.0
1.134713549160443,-3.7457351747325167,0.7731008692302738,0.6857294057107338,-0.005362507561727558,-0.012865777407447775,-0.7277230911740785,-0.13576381061937573,-0.13891222525030744,0.022950104260207344,0.4315066693800363,-0.1680498842163337,0.07199123012924696,-0.3333780892701791,0.1903327132796225,-0.06415270570125767,0.7073074316599448,-0.1801472793956453,-0.11606555279804964,-0.3358323027705723,-1.304255521479191,0.08871625286469151,-0.6949765378014532,0.014215716041089316,-0.4459329151309374,1.0532558956684113,0.4100472249148404,-2.916731144891833,-0.4247955833320501,0.8729981698207956,1.5926999119410072,-1.2432777029494009,-1.122421655947144,-3.248326097675777,5.157497147086843,-3.527715058048646,-1.1859804455119303,4.069451783237616,-6.590959277811927,5.295009096606507,32.784306684101175,-22.94941173722023,-21.51811359784855,208.14699013633037,-26.048909279939853,33.88047829435085,5.344587788988963,-516.599154262538,-120.83008290733427,53.70103244161076,-90.78787580177004,59.50455476021869,-78.45021323945645,98.87044001364357,38.38729877499938,0.0
1.1285661557946707,-3.7717666409148918,0.7755708310408694,0.681781301560194,-0.0076761907944903965,-0.008757367825108707,-0.7314633561885039,-0.10353036441434882,-0.1335155680252834,-0.026390072217612817,0.4313506687315905,-0.1951439661663125,0.09056207818192756,-0.36889185637137956,0.1607264660574536,-0.09860942442786667,0.8146317087412122,-0.26973910771042997,-0.127174050772207,-0.29100790994355247,-1.3041162828340032,0.16012030101462676,-0.3234841179678174,0.17506759229344315,-0.5755555677116696,2.1025778947159868,0.23908457817350312,-2.0030072846764946,-0.4898812424239387,-1.7550556954237093,0.5075150349386193,-1.933086054514149,-1.7168395420908291,-0.6229937877837877,4.5458901758476955,-3.99281510819051,-0.38491071012207784,1.2483235238208308,-0.2849298559674041,4.164189668820339,11.484147561669111,7.492938537486387,0.10502916302161337,45.163601928707315,1.9397881415344718,51.157005146952244,-78.54665671929274,31.106459950241838,-36.13764986311527,-5.294697854621901,-24.527043347000866,101.24307759307993,-139.70433424340897,85.40019735516883,7.903284478419672,0.0
1.1229165898955373,-3.7978744833276163,0.7790373976066257,0.6778041730541977,-0.0077320552084735,-0.005789118150219047,-0.735179028824688,-0.06721923798064883,-0.12531417746425172,-0.0407785004087452,0.43286014554291097,-0.21944804882788113,0.09679614069224647,-0.40189400570181727,0.12475040556878432,-0.094822653673367,0.864280870044931,-0.32447704820520656,-0.10977535057975572,-0.27609451512728755,-1.3084007013117867,0.18088282694503882,-0.15235415913126876,0.2096353174574739,-0.5173260209071008,1.6332052922403906,0.44371709760726535,-0.1107361696363701,0.360033779104676,-0.6394621164240127,0.22073129179300502,-1.477466618498519,-1.892649769919453,0.6835845017380521,1.0930010807514046,-2.160354099656733,0.9502657451242719,0.6299651371074054,-0.47838500774282616,0.4807478450545801,7.837271938109883,0.7935145085792934,2.3636478180301514,-16.861235405715195,-2.129952022709297,41.30945554758534,22.307022591761395,67.29638280552994,-7.126215504122343,13.554825608441092,-11.993709417916,42.889660444728904,-127.54194677841367,44.542773668155135,-17.048615177142494,0.0
1.1173445010176961,-3.8242232830901903,0.7825812424023453,0.6742164264314455,-0.007159676502094256,-0.0036414924517083596,-0.7384901413662346,-0.04151601182505868,-0.11474985383842301,-0.0307082403753584,0.4528690509378473,-0.22010507740519794,0.09836874625289964,-0.42285243773132947,0.08376879127530053,-0.08950464010311712,0.8476633112078578,-0.3462250277870229,-0.09078706201253078,-0.27976516381834005,-1.3271000855414223,0.16695937400552044,-0.08340094526588654,0.16239868547434216,-0.5193463963035017,1.1148172069621818,0.531049518221305,0.7895629206770813,1.3341796826408683,0.40931483403497015,0.021976076475458895,-0.8790445627032715,-2.065425310215371,0.12539388879287366,-1.681803346369871,-0.8035149452708087,0.8249549896749381,-0.13720363823230605,-1.2933686594259903,-1.646567600576771,5.326647044711398,-3.70682324262684,-7.67357189846806,-9.873371639463304,-3.2523689804119416,18.671181226046794,22.944370728408963,43.904231372444656,-3.455336950433055,6.233842446259237,7.208988937671553,-0.7717761560959806,-44.30728250606627,11.360615247128143,-16.57477975585657,0.0
1.111494712059463,-3.8512204792997675,0.7856151006315094,0.6702549446314638,-0.0072834581673714765,-0.002462504665114962,-0.7420910971740412,-0.021622073654640445,-0.10313524394172648,-0.012976667364241872,0.48793417874376066,-0.2036682371490981,0.09492015430796658,-0.43038679732555846,0.041082551052386306,-0.1065606630745015,0.78626026473248,-0.34373935828077257,-0.08536104393754128,-0.3015047983803012,-1.3691576867967783,0.13034967395677563,-0.08535423613018607,-0.0008623835241350492,-0.6338560256990852,0.9999375339954311,0.5814123962595045,0.9418967077075587,1.909108729684309,1.1022507827777808,-0.23720336619905974,-0.23093130615151733,-1.9614572440539293,-1.154917287734869,-3.3006902484116765,0.20570048957404685,0.13057107726232786,-0.9729956300562839,-2.2217091027766447,-2.911860931780661,2.995022845159083,-7.9685595516970364,-16.793407783498047,8.184874524634605,-2.1482406880275846,4.6422586472000305,3.897933957364331,27.054029998007174,-2.6972778961662165,-1.390821475519628,35.73031582228837,2.672169289105847,31.975432511717614,-11.708362658388333,-3.4907142986730095,0.0
1.105025491108282,-3.879193287403956,0.787707794283965,0.6653740191117355,-0.008958141281042307,-0.0022905690631324586,-0.7464528918084867,-0.0014834519204924143,-0.09197374161013164,-0.0016518085901335864,0.5314864454379361,-0.17594864954360426,0.08461354128941177,-0.4251693624764556,0.0061349057582861105,-0.145349647006695,0.704108943545317,-0.3210461355494851,-0.0934152078451129,-0.33850753985109117,-1.422057233378116,0.07516885754680777,-0.13109102094239355,-0.18985675575879332,-0.7691232091571121,1.0978498255409266,0.5080660220597786,0.38300995785899117,2.222715220290542,1.5964829665546112,-0.5507335657833557,0.35965638938368993,-1.3475189889789707,-1.9701036897036988,-3.8487551431789013,1.0849484290925004,-0.4097991620520308,-1.4970746860865838,-2.561014914018216,-3.7285123238419238,1.7783895199386839,-7.931026967880466,-19.164239001895236,15.908736119529486,-7.877730935231823,-13.827637631060004,-6.9421796946773835,22.223235334831532,5.733293384127036,-8.509444446853722,58.152453961217184,37.743935298396686,82.33050516354228,-29.29516783180592,9.31372157625549,0.0
1.0979478693084028,-3.9083504449605275,0.7884672287008909,0.6600631740124613,-0.01205663306528217,-0.0036286371240437454,-0.7511045712178482,0.018975902534627633,-0.08617934296042898,-0.008429134547772003,0.5864814323433601,-0.14211805708009925,0.052543487421343286,-0.3996832669101658,-0.01049354753285121,-0.17831426289844307,0.5933469112075466,-0.26741115697123763,-0.10969586901306806,-0.35729037640984385,-1.483907713436274,-0.005640933536293297,-0.030720359938184214,-0.39129880135272566,-0.7683320241859387,1.0687710903182226,0.08772456219089156,-0.5251646085928812,2.8441251956486227,1.9471132585353161,-1.6880576291424727,1.512228847389382,-0.4553440758467511,-1.0995782297342989,-5.389863472512408,2.5094760114898764,-0.7549688460881405,0.13375843231814663,-2.633133547848891,-5.541558418510056,12.34828989495257,-5.794478923415598,-13.881391748986161,11.659336782327982,-21.224739156332152,6.473377688505014,-11.231750673125417,33.95053633355184,12.597645488463627,-5.972116380757594,35.987307883269196,74.11536346194396,106.72262060017347,-62.73800507978285,15.03516402325837,0.0
1.0907273463945606,-3.9387152072654175,0.7866928367342269,0.6567348933014462,-0.01582245548798259,-0.007481068344548977,-0.753918406353827,0.03758328837096482,-0.08850179159691901,-0.0278714572709891,0.6545202047371483,-0.10782704664280512,-0.008698003243029958,-0.34945714618645185,-0.011208727719648778,-0.17060377101208704,0.45390804683752634,-0.15719950833947952,-0.13588747720071975,-0.35058927504746173,-1.5414331062669926,-0.17050431492142634,0.16634525772274192,-0.6060697660053848,-0.26414958887369433,0.9582331859203504,-0.35067972890464816,-0.9881610661356617,3.0791959204375923,2.1767531418172976,-3.161690859500216,2.751002315057514,-0.05229006702647913,1.2882169727689328,-6.389145188515151,5.22716832036046,-1.2295370320464458,1.9028513673863454,-1.8991359868199018,-9.919948968975918,17.14345633015062,-3.141965197468894,14.207346006127667,9.476310173534465,-31.45501270178049,6.526095025440565,-125.9005431903481,94.85843606430069,2.6971182234283475,-9.61092405304279,-25.343872669946887,66.72441350086734,166.9626688271958,-114.3115708609339,21.57559437154065,0.0
1.0840743378742783,-3.9701344094909796,0.781407881048664,0.6594880144228498,-0.018630867379324893,-0.01495064300313057,-0.7513354296764494,0.05077143500167868,-0.09710110859860416,-0.04262963323186877,0.7209947597255558,-0.21709180554401383,-0.04073675645589358,-0.2754663496434048,-0.015608617320958534,-0.09954447708473753,0.3071490834901742,0.019557817836269944,-0.17027879496885143,-0.3067629208251732,-1.5858953853355033,-0.3475226247354562,0.6260506073899708,-0.7200955158364005,0.8345369429134051,0.4127310161453482,-0.5413670881599417,-0.4729875808830293,2.6510022270859,-6.3973531719993355,-1.1111148597796092,3.9589950158279326,-0.9182121977318887,4.244235486977329,-6.315201155221702,8.232154305563444,-1.5882543357332262,3.2073086386401193,-0.7852576932324579,-9.532504038088,27.48092880955395,3.4572315877167688,49.043842037480985,-34.09580439454751,-9.58168671007521,36.375752729984846,-95.32496818026412,77.33212506639286,29.183416442642066,-1.0740287918757458,-105.03402405923273,-9.65176690526618,198.25845999802294,-171.92450986356218,27.809804065917323,0.0
1.0773010332100588,-4.00036745627948,0.7758038551268098,0.6672590623655134,-0.020006946882396154,-0.01843429629524219,-0.7443287193758155,0.04165248750031033,-0.08656474658625646,-0.04163824191745577,0.7555474628775644,-0.37793027987256195,-0.04801596875267651,-0.2096964960260678,-0.0211657671630845,-0.026050833084553447,0.24245974154746544,0.05958938071353321,-0.10349188846642893,-0.3849611972246751,-1.4009806864427647,-0.09009680486558946,-0.5482037318702074,0.16560055840850765,0.9727674814588112,-1.407280575870456,1.8888565793062977,0.33940690295503884,0.6786571375696518,-7.33358247459132,-0.1763164788242678,2.157391342549328,0.5009292505757481,0.8026460821156742,-0.3913165869405477,-2.6456950679267184,4.252337409363486,-4.3420139935502515,10.546344805909385,21.8562239167477,-79.38740723271226,48.283840540129106,-2.706608416049164,-96.11813407197626,117.08062875614691,-22.15913611154825,-108.43656475926826,130.95284406646346,7.229598073646926,-62.935461719937784,86.03251540909594,-272.2638229615377,91.62081075347078,-156.65770540141605,-192.8677522084044,0.0
1.0700512386579402,-4.026371482476762,0.7762978774342879,0.6718138835620197,-0.02052612470567432,-0.00819234191130075,-0.7403902144085202,-0.008456680823750017,-0.049134885404991,-0.04372255541494442,0.7668393199034663,-0.4709335759407015,-0.04044149108724079,-0.1915644571874597,-0.0030044363218321374,-0.02834019488284686,0.26331024381745544,-0.006286888430924909,-0.06235153000170527,-0.3362652875415758,-1.251116632879247,0.0889459323582895,-0.8466443572493995,0.8933073601548986,0.3925790404480157,-3.0608887514892724,1.6332567959115238,-0.5391027000274816,0.3099315810437575,-3.4586589026527617,0.43449505852512615,0.5541716452334143,1.098067610744166,-0.32717447461054516,1.0364177496768243,-2.9938913656796213,0.8526442306886852,3.509657107084038,3.3911986071462352,4.984920063093545,1.148980324723964,18.102653418500687,-23.80125128553445,-39.61060585457182,-38.74151351506006,-43.83821462140366,-36.86480068053253,88.32037425253687,-4.98327085627538,-4.075369860081654,11.527977177150207,12.973018856155978,-56.39992577680978,68.23140160232343,-88.88358243721869,0.0
1.0643744684723908,-4.050619619713418,0.7783703913627323,0.6730985186021328,-0.01700984929759073,0.003548475293980085,-0.739348671200251,-0.0774172032725053,-0.026031539542509727,-0.05738382125568806,0.7658679223796044,-0.48979774839246387,-0.03485479365837088,-0.1955268326086342,0.016580803278190295,-0.02771973201718825,0.3026357521849719,-0.06681887521968587,-0.08401147599689375,-0.24154067393081238,-1.1992008754662709,0.1133463153950593,-0.44494140233807794,1.0802521224018231,0.06007979500140366,-3.558236353868017,0.7953586055790288,-0.7195887597612952,-0.32941422897834094,-0.2331988848287133,0.22202544874521293,-0.4007598933334202,0.8330455768046514,0.41472493756578244,2.1351919902307674,-2.7086012141780422,-1.558827229386785,4.5751400343637645,0.2025898414306938,1.0189337952180564,20.363381115983085,-3.1805800235114297,-11.193523279198406,1.741798702506541,-36.048017653655535,3.4386914601186787,-29.445001862852052,30.138720704360694,-4.238786664906724,3.475778044815394,-18.64285091763126,43.562202186453284,-14.124505145036014,48.130771015116025,-4.059503280435312,0.0
1.0603097317040295,-4.074488502543414,0.780459412273073,0.6737683784452148,-0.011052450103551404,0.012397252103095016,-0.7387559297185423,-0.15160440376026801,-0.011842846078693485,-0.0648328496113326,0.7620411894785096,-0.48033852705257485,-0.043072861895914076,-0.20525351995405766,0.029446247905188187,-0.010676946784392745,0.34960698459935313,-0.11754595379034306,-0.12277103553737179,-0.1729995887302236,-1.204432668242589,0.0952083591491227,-0.08587422099466693,0.9183861744959657,0.20459945964069443,-3.640204556015271,0.5682838991724207,-0.1956272028766067,-0.20292332640001853,0.5588243132189182,-0.4589895581753174,-0.22581007979222373,0.586924251782755,1.76739047499283,2.0784579634048974,-2.46267030602469,-2.1881378136800427,3.2855789253526924,-2.267431045098222,-1.3384326479723647,19.480426377861754,-18.219826311357934,17.12202378697387,19.61046851579426,-21.717966127744447,11.063063661804152,-7.292508551726904,-8.466637632877719,7.6278819398354285,51.1781065970732,-4.491649764006161,124.0260864069785,-57.30770984300697,2.8506636153598093,-4.531650413541371,0.0
1.0574496713666164,-4.098754399140834,0.78207898393546,0.675887095327044,-0.004710082134673636,0.0175065516898078,-0.7367821727923316,-0.22408811011556393,-0.00038050907986982496,-0.05984797094122413,0.7635409805034697,-0.4642123954651609,-0.052582350533226366,-0.2058037131563458,0.03669579732122631,0.028318717701371895,0.3881184906044779,-0.1582299230307759,-0.14328480284876763,-0.11989269487050276,-1.2314890055480698,0.07327004153765444,0.15560803997739023,0.6630993341450401,0.39556053987692236,-3.428203471829491,0.4915624224452401,0.415638535526812,0.09610430694176528,0.7551743113566372,-0.41685466797792153,0.29725292323279123,0.1196664063489824,1.6893279941524837,1.6919587342176636,-1.8372699544955904,-0.5498455665273037,2.503834580621378,-2.783157737734957,-0.5809182018088122,11.502371696192371,-19.864932111285558,10.182076435258008,34.38537619187576,-15.008271067713235,5.264418166997988,-9.836226465582133,-14.866219010720572,8.051475545143884,46.13505663335596,-30.875879693864807,-52.66840513409412,-32.11277064388482,13.57884550075411,30.58990210645068,0.0
1.0554941123708834,-4.123643508228882,0.7834034395479142,0.678210886201832,0.0008414377044972537,0.019779550278657184,-0.734600609318213,-0.28748924297723544,0.008822058710247056,-0.0494107310462208,0.7635542180491487,-0.4361533084935879,-0.059621919806569994,-0.1993160924353352,0.03750385845939232,0.060609493278893124,0.42539684563454017,-0.1876202627820516,-0.14282035761339673,-0.08060056232361533,-1.2640864576321575,0.06348220486126538,0.23912499684799127,0.42769213964560676,0.29512953308969203,-2.847861223909349,0.3784286133513877,0.4614246932116941,-0.09963610898699915,1.3506003096759798,-0.294603390408149,0.5118674711875977,-0.08365027748068612,1.2687299530412945,1.8306041625692684,-1.2499038347606413,0.20820511755586288,1.8837965943031165,-2.8062611922767857,-0.07555608326646866,3.559584910264709,-17.334798610053706,-3.168462543302604,43.40916777541383,-12.415435871210004,-14.919832014812593,-12.734201217060562,-25.69256857373417,6.130957278808893,31.23945564805002,-17.57521748688656,-53.64704164082174,-14.558331279432133,20.390614933418597,8.01657627476308,0.0
1.0542005356718012,-4.149305132829502,0.7845526013847008,0.679109668698821,0.004812771547229793,0.020095754878349373,-0.7337459067999508,-0.3335261132440797,0.01646885927781686,-0.03970931864252291,0.7447336225962746,-0.3905319753554485,-0.061727891911301555,-0.19199217351726086,0.03458440975290116,0.07697203995420376,0.47306628777866916,-0.2065282182703504,-0.13641004510286772,-0.053047314268001654,-1.304495704842495,0.052756359809731715,0.2308811332007066,0.1885387028313268,0.04191801417600116,-1.897019432139461,0.338952509352922,0.3566054345899278,-1.2290429283455881,2.1400560223125202,-0.042377401537912945,0.4394742879263397,-0.20789822456700907,0.4140184355803011,2.535016066173727,-0.7025010909251221,0.32631904878175233,1.2092097992471587,-2.803247034562439,-0.4741490200743231,-2.570988635583955,-15.527742428363016,-7.2362646383679055,42.05401474636932,-7.2273885956563095,-22.141857575411095,-6.180728704443095,-44.71194400877022,2.357744008736365,21.139810470809895,-7.174548133519675,-43.5186259403285,-3.2386353725929684,26.451014699329395,-3.643393216909801,0.0
1.0534377145801253,-4.175899275616032,0.7853517272939637,0.6776038585503816,0.006861469893940113,0.018719110648791885,-0.735156803685478,-0.3526690355381403,0.0222147470405119,-0.03126976633095018,0.6791483592028211,-0.31798756721783006,-0.057360064823328775,-0.1903078086956622,0.029209554689572766,0.07675887135324563,0.543102559723149,-0.21326867249918674,-0.12928315326643736,-0.030270697058912492,-1.3517759606462494,0.023273859984130188,0.20383539539193876,-0.05445734441373363,-0.30803445057539497,-0.5078950275522452,0.21686342304478817,0.2805834364111099,-3.7404609866871503,3.3506009634810576,0.23311428378480226,0.04575049932777989,-0.2632236637293075,-0.2391145124788858,3.816355089477625,-0.04532186887068346,0.29279147702545755,0.5908333759425267,-2.608910720221157,-2.168631807899744,-7.59464084206428,-13.23996734152112,-5.764391343166191,28.88407486820405,-8.327895784912581,-25.323574218991915,25.112795078242748,-76.66943201964538,-3.688262310486513,13.63709359630502,4.051655167354272,-16.19141941021475,1.9658569429647272,31.93394843329576,-9.148981781940876,0.0
1.0530361961000807,-4.203537483009898,0.7849899153729503,0.672637990910242,0.006689266660330543,0.016082984728039686,-0.73976666895584,-0.3344121100655913,0.02020714545019349,-0.03951210118872021,0.5401897061142863,-0.19210882459382364,-0.0614613506701583,-0.2014451913242777,0.021622210936945843,0.05980131058317865,0.646927208275151,-0.20448542727123306,-0.12727458570155353,-0.0220540397171064,-1.4040320185233628,-0.06513969601070324,0.08727262432224127,-0.28529056955412196,-0.8509387384453063,1.4072607789273264,-0.16036635306188776,-0.842376626346516,-7.269035359379226,5.85098347559539,-0.2289071254047982,-0.6907817876145886,-0.26922806471408683,-0.9062618964224588,5.582866941264455,0.8373796777194122,0.001359615349836453,-0.8908880881842338,-2.33886304179697,-5.779770684643358,-17.684624634152385,-10.610392286703686,-10.355215031600117,11.29525947932524,8.668226035669283,-29.357062049398657,104.5173024464327,-136.8085029531584,5.9080603248975345,11.032018809951953,24.47659877453008,19.60377860943202,-7.649777302095522,41.96043716577935,-9.162169880031325,0.0
1.0526087107525928,-4.232549304069757,0.7827766278218724,0.6644565894645855,0.004040610119566271,0.012456664830954685,-0.747212115592516,-0.2805971984703918,-0.00015289474870339354,-0.10633447889652736,0.41417661552177365,-0.07223745879453257,-0.07638959392106488,-0.20862104804951398,0.0095358316278043,0.019129633736478253,0.7347107983878284,-0.22762848030469685,-0.14921495273748864,-0.032284166798709574,-1.4684962942417685,-0.10855203099839786,0.17275378430182126,-0.4428477327103311,-1.3018662914894479,3.3461282337378218,-0.786513131194148,-2.7420484411850206,-2.7664999013987948,-1.0795123688054153,0.37839404174408575,-0.18090256975485486,-0.600573779301905,-2.2079567938262596,2.754244356540513,-1.2360968401971244,-1.1889648985807781,-1.4434905480569329,-0.8916413950543977,3.010957325429821,13.426935770190475,6.060205032067045,-22.140132048661652,93.09801391417527,56.77900791689617,170.74537089425607,173.99574214065504,-572.8599979758196,19.481930623993783,4.705104993596118,17.172649159140512,31.939123326181786,-174.79118538616768,16.38944912444423,22.30529346583502,0.0
1.0516591253394794,-4.261242985375619,0.7816249414878365,0.6554994033770734,0.004529502559206546,0.008577787536011372,-0.7551333904283767,-0.21141850752276178,-0.016102325915054207,-0.15582579364211954,0.3758756469984187,-0.13454945073165878,-0.06971247926516329,-0.21927927027525632,-0.004002533588923997,-0.030396903045096648,0.7705057510665932,-0.29743021464439034,-0.17081744063949794,-0.06059729078911475,-1.4029641376216995,-0.017745091287639785,0.4565977039479514,0.0020922371558136227,-1.1590879539274983,3.5142875933192608,-0.7378788290433831,-2.012200244812346,-2.0368995955734994,-3.3442637632120236,0.18995707500299847,-0.8968794363975402,-0.45076399368626485,-2.1455192579771087,0.9793359317975338,-3.5625569698609865,-0.890963177494278,-1.4341332958946522,3.9410591429581143,3.8756392929655226,12.474271808819907,26.141845855631896,1.3273537446893295,-6.170661330240786,7.604351614390796,58.27784589570363,-38.80913699602781,50.83650582688321,-17.067398288619422,-48.098978246524354,41.828716979251304,66.14483819202626,-82.06080353935474,51.52890662556679,21.422220921983172,0.0
1.0498523700339095,-4.288523889367397,0.7818622030128992,0.6473022487275156,0.008447498267603142,0.006266796799380018,-0.7621608529852455,-0.15230340757978678,-0.028311154413531128,-0.18507850027160164,0.3484961349568408,-0.18721886526755221,-0.06752700450492517,-0.24364323586195347,-0.005607124923257881,-0.07106138963477966,0.7813074866821429,-0.38106461384921125,-0.16271313087291994,-0.11322245079891971,-1.3351977290131454,0.03558172325648001,0.4371281517628754,0.2579946759820729,-1.0351752964700562,2.546041545367424,-0.5531756351083297,-1.1016458913134488,-0.9772006319308392,-1.925722370315592,0.1715699220350737,-1.4743071641700929,0.3131113367222462,-1.714128305919917,0.16253188524328727,-3.792239332093179,0.5771390627077467,-2.3753888693018967,2.930284044734244,2.548619545491222,0.8001039226934069,11.179816011069361,2.9182764197804096,-42.484257205898196,2.331127928110272,34.26444019473124,36.76022686709335,82.25433987687667,13.112280099607002,-28.04534875648948,46.831035256882515,47.90466549333896,-37.724701486871744,70.13865579680198,-6.317186792891231,0.0
1.047027892586033,-4.314815718120761,0.78286748311582,0.6395215401063482,0.012714297072921633,0.004798174381064717,-0.7686530582210391,-0.11635211354743993,-0.038663976035396966,-0.19624484101637116,0.35713377322633205,-0.2148436100829417,-0.06862756997968444,-0.2746024036960465,0.005408972862479748,-0.10747588373178366,0.7814681742906006,-0.4476433500916535,-0.14558619667643516,-0.16375321149000754,-1.3079140911061355,0.06569006323653244,0.38768852962180583,0.1649894873733151,-1.0307910987410493,1.4444210681669551,-0.5185152548244306,-0.2078943426804606,1.1790670727567882,-0.8623577971942309,0.03755011424353704,-1.5369484014789587,0.8145063341722528,-1.663388299036119,-0.13427163983197082,-2.80079075370114,0.7948424089238013,-2.4728915877236943,-0.04075295328229782,1.9313489818536467,0.341237412444661,-10.266333820024178,-5.048125922700395,-20.47581064693612,-3.094593226219632,27.495519066273793,55.58739747970577,62.767458071646196,28.120565216051027,6.6334330392089,31.91087040303825,31.61141954946897,-15.419179562723711,59.554363262701685,-14.374983553727247,0.0
1.0433185058343826,-4.340848876037082,0.7847082322222889,0.6324279182652235,0.016168248969290838,0.00249515983768517,-0.774446441079929,-0.10382638846482287,-0.052035145246825634,-0.19336554633170655,0.41193526813970477,-0.2170480274883657,-0.06943872948493209,-0.2961740472550496,0.023522186875599316,-0.14261694839117267,0.7496356055854679,-0.4752256449967016,-0.13618241537603634,-0.20094027796097688,-1.3056312746629521,0.1101995952318629,0.4660759230164205,0.03522180033101162,-0.9138437334780758,0.3087400440933029,-0.7745205502325226,0.4545348191148936,3.416869395070725,0.5714503575208342,0.13156540897109903,-0.8471812694019919,1.0167776044621513,-1.546539019980746,-2.0680078932619543,-0.9559521092565217,0.3680138103109531,-1.6151687844704885,-1.1412491401502545,1.7673096149370122,8.569277900822058,-11.620695770641296,-6.490604958722923,-11.12503702298556,-7.281609553645931,41.614600903066645,33.85904484042976,72.30889067654283,2.482587920350526,16.75225260419214,13.046491549739132,39.32379604071823,-5.64004044545155,20.375425054099004,-6.949913375954126,0.0
1.0392223393685638,-4.367267301580394,0.7865505130145414,0.6289534296537971,0.01934560638648074,-0.002087081637726744,-0.7771994434702736,-0.12491271923027615,-0.06789789377256537,-0.16105847677316593,0.5296969713725465,-0.207422784569013,-0.12411715153053104,-0.2797226627905697,0.04625713187174042,-0.15736392166435187,0.6134340547143201,-0.40495181261730634,-0.16220251072229733,-0.1918613920922515,-1.3398330187401615,0.05867867261882753,0.7672238071694297,-0.13248089534220284,-0.23545429852086322,-1.5488398352778356,-1.0011724672798772,2.198759044772372,6.731556618508782,1.1408420034436908,-2.8930601980154336,1.4635146860395143,0.9432309567067068,0.02332230599810009,-7.9166431725893744,3.8165172254935933,-1.3757421597529504,2.196080885992978,-2.5500016972269752,-4.7234502272896135,29.255897566788036,-11.040168293916043,9.68265816801184,-12.031977800266914,-27.93870700843561,42.438173417812166,14.328778744102046,100.331690973122,44.629677126771675,23.227504410769523,-40.47921843597255,83.82614535570326,54.229807920454014,-79.28718780888025,24.832212568176576,0.0
1.0356479323799876,-4.394882981477336,0.785530035793201,0.6304674662324145,0.0224110221691924,-0.011750335179436322,-0.7758030998462062,-0.1644571476478795,-0.09365992307491733,-0.11807317105759144,0.68827721600508,-0.24768474123925083,-0.17079622346495046,-0.23117914166662984,0.07240948255905935,-0.09207668723243735,0.44593944963254356,-0.10221208207763571,-0.20445635015702932,-0.1569855011256688,-1.4183320989073507,-0.11949489711322984,1.1122067941366516,-0.5493267799476858,0.5120268303284686,-1.8140506052226069,-1.5671911127729579,1.9180465960047686,7.067675665850022,-2.2061512835488855,-1.9312948601797382,2.7907275083735525,0.6560130612853534,4.377925064527757,-4.992596977487444,8.989384353068484,-1.4917291049861077,1.5878188078737796,-3.536283220701657,-1.0202057350524187,2.138128594516937,-15.812959554776368,22.666463273721458,41.95357395742172,-1.5755290764106715,-27.100252197902936,-198.88926954834784,49.90091128747924,39.30854056033319,23.000757244967687,-152.7247408707556,-102.31679705522302,747.7164294762878,-2004.226615430256,-3.5862741426710443,0.0
1.0317536768023785,-4.422840782519857,0.7841414424419075,0.6356440013659064,0.02344906177131676,-0.01962369601937371,-0.7713765329488088,-0.20054020711701906,-0.11020219942856195,-0.09003424123725408,0.7819579571157044,-0.3662955457844378,-0.15440755784971907,-0.17449836247039435,0.07183294891168458,-0.04682635691846734,0.4138049820390666,-0.10845902072231839,-0.19923368331809532,-0.23881165067310015,-1.376850843892608,-0.01625824952968375,0.2506037847022417,-0.2564556583690183,0.8597308328900776,-1.8645391369290147,-0.18546173224945445,0.836098565220934,2.721892623670613,-6.060612923639668,1.151394286598671,3.047716713233661,-0.020520003948768253,1.1332200242373216,-0.9796344814117002,-3.311082438352256,0.8470529110027095,-5.193305735525911,2.772801157245561,5.887706735868958,-47.43569806211876,17.95375786262092,18.136541664239584,-17.2578937615096,66.82512905453204,-69.66911611230702,-196.4343099362531,84.00300693319407,-15.466263016591377,22.174118547345742,28.037198271764886,-89.34539309946803,-27.12436353758172,-77.7329733995526,15.044999733866376,0.0
1.0270945058782162,-4.449223056529411,0.7845214479105465,0.6405308153498527,0.024758378030878,-0.019886558408082292,-0.7672755841933302,-0.25035200685368025,-0.10985662265897908,-0.06854875216967062,0.8075216536040929,-0.440223913972789,-0.12326036055181591,-0.1342908421368518,0.07755072824190234,-0.0105195672157083,0.41821462898421324,-0.17146469036962597,-0.18206471374822314,-0.2332547879924693,-1.2824697621812942,0.04692120269814049,-0.04094908111181607,0.33991731401963116,0.5364028488402692,-2.9257180728881704,0.05691697390349364,0.9336664067734193,0.3236754394885627,-2.733275324044469,1.4001352520355308,1.4303801643239065,0.4562036487918565,1.8338770165042328,0.6713995249118224,-2.450224830644793,0.7452977253341199,-0.3544603563180298,3.2118119725992815,2.8777439649949765,-16.721809249043627,21.352566620776827,-5.3271785038430295,-42.43098059089204,-3.7680842067945366,-34.95498211776572,-87.57959280113441,66.69821342743276,-28.83076019296083,-46.48392053036979,14.162478646843685,-28.852704814862935,20.90973518034715,102.9237684142873,-17.634382722039614,0.0
1.0226473033820274,-4.474568361756242,0.7856153702695898,0.642291090717749,0.02769971683144338,-0.01677871302591104,-0.7657763088926541,-0.3053335836435748,-0.10039722646972864,-0.023432095085847215,0.7692539003454858,-0.4345463407033415,-0.10345954674728461,-0.1232443289676028,0.08635890244245319,0.021459187967015615,0.45844185302996326,-0.2043454988530785,-0.16646337103905554,-0.2186401472292821,-1.2643116969006845,0.054504743448497615,-0.10456624523171862,0.45008155661771354,0.12193825816317658,-2.7147888197179695,0.4542012184877351,2.4973471964864884,-2.7545643410046923,0.8220967618554392,0.759709346503547,0.18983156947139299,0.4387082282454702,1.1982907879388738,2.5483732481219024,-0.9672642403766212,0.6090553197655018,0.045254529723106174,-0.48005467975496574,-0.4668228344478861,-8.857133056978284,-2.7842502353139347,0.4339697070809403,-2.7206466971486876,-26.038273552071292,-29.691537927526696,-29.920093749778875,-8.435263039969888,-20.298237230895634,-14.530322062614973,1.227655603432821,-52.82659163171452,22.527665623177015,72.36362890493547,-26.668540331436333,0.0
1.018369100439952,-4.5002740124804195,0.7867137678474455,0.6421253890836188,0.0295523089716809,-0.013504503202085015,-0.7659107481436194,-0.3458621880716245,-0.09239775395173422,0.034772741956089114,0.6705536335463393,-0.36902585913339403,-0.0976815842973973,-0.12509163968520143,0.09505277677232134,0.039252669619002256,0.522727716073986,-0.20846359851218568,-0.15425318986358832,-0.2158033667197009,-1.3046982525186004,0.04289087775852057,-0.21501983204663583,0.24622714471559706,-0.01396831468563733,-1.8059350085959458,0.12455062233648084,2.6038673790605023,-5.242419563739308,3.2428696413342752,0.14260361433232255,-0.07933537666068431,0.46897537093758573,0.5142024176329228,3.3598038785483286,0.3490494523156582,0.45260563649219987,-0.6359597286785043,-2.3916653144534727,-2.0424211736508515,-13.20006155304863,-13.712507916637827,10.66718770164653,2.1182593925454363,-41.79334352941431,-73.10270063397483,56.804048156626095,-70.65494400840197,-6.4851345486237015,17.948023809313433,6.974391384021368,-44.91161406559916,-9.528035203500513,56.26614900658023,-23.212374810952433,0.0
1.0136103739040707,-4.527071749338511,0.7868636558207428,0.6405292941325657,0.02705153475780817,-0.010167171606723627,-0.767389774786454,-0.3547802120676299,-0.09300391119578542,0.05796562799871362,0.5077836235425118,-0.20459730712801427,-0.08601930275287897,-0.1358396174503025,0.1056695958236314,0.030942447611086416,0.6143535719211274,-0.18320472319579004,-0.14654910733961696,-0.26616258434365797,-1.3667838089297342,-0.03872877302379363,-0.6631091211006799,-0.17841603144668106,-0.27318413547034204,0.020576548952270277,0.01849176870732497,0.01550559607208804,-8.060158508991387,7.975727598099987,0.5993050829869982,-0.5780362135961344,0.7319289006254219,-0.9594984469869114,4.956146699006437,1.9517513904659274,0.18379678985989664,-3.6468018701180744,-3.019979865798431,-5.852299029505756,-31.502248339123607,-22.46275917702951,2.141820892664302,12.378692554245497,19.389407268188503,-113.39915617297122,150.55308865642203,-168.1053787832075,-8.246034225525111,20.45044484312589,29.10978930662681,-44.20492164866567,-3.4964301240805,71.5014905604766,-24.814332331123335,0.0
1.0079895863105026,-4.555472172262373,0.783857736996085,0.6364229986467247,0.01805194521781679,-0.007227036533685343,-0.7710951069811723,-0.3344505751948726,-0.10254446425392721,-0.009556273163344038,0.34477148045789113,0.03197911989776685,-0.0811300085567422,-0.14339566132837941,0.11304422698314173,-0.008731932320486881,0.7228600176422272,-0.22766025267676537,-0.1671518562627603,-0.3066366405924943,-1.4565260130511422,-0.24221420452590542,-0.9716416788634898,-0.763214022319566,-0.7893599729522671,1.4305135097317494,-0.09308815301856072,-4.457511989724634,-6.65438053635206,10.884472219776958,0.17746555857736185,-0.0219207221934027,0.4500181770361479,-2.104414021130924,4.793756976221197,-2.724985371611015,-1.0821533657477977,-3.258473826637143,-3.5037350798671296,-9.923066307084978,-21.024044259491124,-24.461095617081853,-27.32661405921871,23.91042221007386,85.99209474832253,4.443740729563304,233.12505634256934,-226.38068899310815,-0.9960973586129036,45.74413768228,26.66486432641731,24.736448819296378,-117.67973694460909,39.14992540780986,20.265595287800853,0.0
1.0022483869501135,-4.584745286911269,0.778477314428359,0.628783380858234,0.00719438367105008,-0.005747959173496431,-0.7775259878392644,-0.30307407342140374,-0.11012162636188395,-0.1069019116666414,0.3169923995281255,0.052426775091265275,-0.006276081559216385,-0.14423879301619782,0.11448292476327718,-0.042759844097708465,0.8009238469698818,-0.33247523502184206,-0.16964770719137526,-0.2649566418172406,-1.4660913610174575,-0.23758402308878634,-0.5193072472815619,-0.7067810482415268,-1.173527856017888,2.2553853534752824,-0.15910834190240797,-3.3407707047107724,1.116315422465163,-5.388784550224752,3.4707144924941895,-0.06258724963289114,-0.3554534645264828,-1.1988329690364394,2.7608764305463573,-5.086354157282905,0.05778052323597704,2.680730834681014,-0.08311576133551762,5.090950231781963,34.836445351924944,8.97371764958175,-22.172652472929563,116.16502557345504,38.0103217148872,191.9383134819418,-11.815071900662296,-353.3429378344454,-301.9032009692197,-8.285843843735698,-46.492301766722406,67.44090797895981,-131.61488176133048,85.28472058487499,2.540764159326459,0.0
0.9973662153640062,-4.6132118991267275,0.7751124036980198,0.6208117876233944,0.0023241533140180137,-0.006880448283236249,-0.7839260054945499,-0.25131134565805063,-0.11356322987524385,-0.1542617782688549,0.33159620510580706,-0.06551765207631177,0.022926485834509937,-0.1558377667656194,0.09699377572119089,-0.07025364798317607,0.8464294727833276,-0.42269617371120616,-0.15882862280256052,-0.21334181178703154,-1.3731519637804241,-0.07098421273028295,0.14948549161555025,-0.17267570173328511,-0.7791353489899709,2.1859224499905676,-0.3567723790737779,-0.8353857068254431,0.7643377179735459,-4.5414160849681,0.7163780363731036,-1.0458366226759948,-1.366215713852565,-1.2871391533597656,1.6039161299199574,-3.755232090314822,0.5642463530970487,4.388675503271686,6.4387439193734854,14.491785264249673,50.860859209742415,36.1623532967307,35.981109630496285,-93.70316683207012,-40.58005629700433,199.86669534965364,45.1510406660181,256.3273147871354,-26.893881672238056,-52.90720759816301,-59.20637949238414,30.51098878544901,-89.99663044704822,84.30034705168765,-8.043691291386997,0.0
0.9933819218551518,-4.639953895714461,0.7752877094545427,0.6165424708585865,0.004545261853337225,-0.010157356570214106,-0.7872430058944822,-0.21653201593721513,-0.12511477535289595,-0.15220885915755336,0.3513248879384991,-0.12566484826338775,0.03498702961564334,-0.17980184177104874,0.067696284123758,-0.08644642639768649,0.860774834126409,-0.47233919115327316,-0.13543466181437924,-0.19886535360046909,-1.31772782181403,0.05105610322001596,0.5062755944366758,0.029940563781941217,-0.41218418810704893,1.700995795590937,-0.6952795242076474,0.31563898007266705,0.720814088088519,-2.093372669770296,0.5263864392634047,-1.2809963500927157,-1.3227426796949004,-0.31113694543188536,0.1705322562949929,-1.909655308181766,1.1029398885526822,-0.5484768927755537,1.739395524966381,3.3568342838570864,7.591918544124727,4.716368947585285,11.775038982521348,7.511304006809672,-11.554685696490541,-12.775845761563646,-43.13632155402903,81.68068569268705,-9.226641464236483,-8.499453511153686,24.808636966128,53.606351125931695,-46.48139523202154,43.81061749855336,-22.309139001633753,0.0
0.9889822751456107,-4.666007115055381,0.7765901837211503,0.6128912332226618,0.007237769498669658,-0.013362444920372482,-0.7900211364243612,-0.1816762580197496,-0.13631142013809983,-0.14722031577843828,0.363980742439319,-0.16029875396769377,0.04413373883136852,-0.20672932388827062,0.04983766654761714,-0.08374997920302561,0.8586356751521305,-0.49149998889711555,-0.11239150966129889,-0.23804556407901678,-1.2923104447762024,0.07416490220586378,0.33898514346829023,-0.013805778290080409,-0.48423313730486334,1.7834608887408905,-0.4651089223630572,0.1226921388812961,0.5705496506668246,-1.464879286602282,0.40370093205941254,-1.3772094083172777,-0.5884983281441633,0.36637284315216606,-0.26254439095079257,-0.6342028952579146,0.9918231250099708,-2.0397455845781316,1.000076968627768,0.8960895873738737,-8.84323739160028,-2.9845116044921145,-1.145298654134025,3.701290330277946,10.306126093622524,-11.944735224171069,-4.290432071702524,28.16149330416722,-4.925105371424416,-1.5143912973991094,28.95342929064174,14.266114624892447,-12.424812600302303,17.970533247645495,-21.790616963073493,0.0
0.9837885662183452,-4.691584230262451,0.7782412464424677,0.6084860616847818,0.008633212102366603,-0.01527543247399858,-0.7933705575245863,-0.1448616813694572,-0.14185361157717508,-0.1430471202283422,0.3721479261577979,-0.18404793138576855,0.05088133599170477,-0.23735619437232697,0.04339168611957589,-0.07525582073742468,0.8566609862595197,-0.4921820053857295,-0.09738451507049474,-0.2785881162738508,-1.2705717796432068,0.08945086144801966,0.14650686826934617,-0.02762603150256527,-0.5742507614226017,1.8678424942729137,-0.14794997280336936,0.21154877397265115,0.35037772004422824,-0.9770506163139767,0.30074953512444647,-1.5818833926823195,-0.14746634450791093,0.3609562719327654,-0.04946730580516526,0.10334128196429734,0.600080065665963,-2.191704806005363,0.6978855492272936,0.7770126356314643,-10.128007843621024,-2.189607511660373,0.4125692732523165,1.6520459073251899,12.80896456878244,-3.6136529746303405,-1.0537588886427534,22.20629750458278,-3.211633635146062,-0.03197240350171793,16.450167814522814,-14.392680987616032,-0.5088466287600348,1.7855331640337653,-14.011580614279824,0.0
0.977826012862723,-4.716834222113364,0.7802669540949301,0.6036652666498552,0.009028320222751128,-0.015926063775236563,-0.797027663112858,-0.10600131579217627,-0.14202582548447104,-0.13711711392070136,0.37462097021379215,-0.19718085979795338,0.05508982949897548,-0.27090348692422145,0.04225710030318306,-0.07271148993551557,0.8574413725439083,-0.4803493780970082,-0.09097877483114684,-0.3152839271509098,-1.2578797557550834,0.11021113905787731,0.011368347378014322,-0.019769654841470547,-0.5996442793536217,1.9623525884099202,0.07834391653969969,0.2902504818783468,0.05302955187051932,-0.41859092298468636,0.17767673189507652,-1.6931279666761752,0.027508332178973003,-0.048894610897739166,0.03916689332518311,0.6211393674120123,0.23101185373333008,-1.9995851656304677,0.34408163774549033,0.9429990592362637,-7.219462874034462,-0.7539974537890152,2.880207078978398,-0.7477135151345804,8.03580544617848,-5.043937249400203,0.16323048841010387,24.970135022423854,-1.532665090641986,2.8647725407556437,10.094667675587665,-18.13846425209023,-4.928517384609319,-9.994746776006602,-5.493821362344445,0.0
0.9711780700248082,-4.741957234292106,0.782736561906757,0.5987435353292309,0.008849491148349466,-0.01572616821018057,-0.8007375057041447,-0.06640930108809472,-0.1385310671549217,-0.12792382080875642,0.3735332971510429,-0.19858039131250618,0.05739732454734091,-0.3043261477793736,0.04372949673291819,-0.07765005813206406,0.8538013372110801,-0.4592643153635637,-0.0897525139226982,-0.3470991144972564,-1.2556747324960598,0.1320491636392748,-0.06225664736178201,-0.011806848836080354,-0.6060554396998379,1.9507575684335854,0.21923234290719426,0.4866032394864316,-0.03768865588622517,0.18935841088491195,0.11419468877731132,-1.6386302578122336,0.13237307549033397,-0.35899295877819265,-0.29622258841423477,0.997868358757087,0.013337855951530884,-1.6970079697769154,-0.08048812203736319,0.8247267671567663,-3.811537145950825,-0.3066780250331838,2.7567525624954214,-4.993866243165944,3.0323348846677076,-3.33734870438464,7.176964881205258,27.532994248883316,2.1450587701499235,5.1808930452716195,8.013634324803588,-8.26422338301872,-8.477065671865683,-19.93908995225205,-2.1613576944878465,0.0
0.963922685271992,-4.767161189930589,0.7856060511847826,0.5938330873102051,0.008349654443444201,-0.015106117057726843,-0.8044031034958434,-0.028161382552921412,-0.13297590949588914,-0.11424667051520417,0.3733020179513794,-0.18777787926785222,0.059154574420341256,-0.3343743482279102,0.046815916577306896,-0.08784370691243396,0.8379525209453603,-0.43188438667310086,-0.09360848423396143,-0.37514742909858706,-1.263976334692124,0.14908580520238035,-0.09015434367303901,-0.014315411371137815,-0.6050234273576875,1.847716757038676,0.28356478126405044,0.720892403585887,0.0806418784359205,0.8039469745757619,0.10328947721319882,-1.4401438703281486,0.19225407059886865,-0.5489058979820848,-0.9461005387261876,1.2390409644461826,-0.19226144639629208,-1.3730015864317633,-0.47219696020724705,0.3732256887889553,-0.6721234434504909,-0.1593162237790882,2.0185908620998165,-9.24882732864858,-1.7510014242030456,-3.2657780171734094,15.038686065129017,27.730870043274134,2.956196027470767,4.211231734928938,5.550140217775832,1.380492852056098,-0.9973644418710643,-27.779903728730993,4.357887888200322,0.0
0.9561254719352066,-4.792629741344499,0.7886925931141414,0.5890192308206988,0.007703188008043794,-0.014415290770878636,-0.8079537152646167,0.007144707065712899,-0.12671937322128782,-0.0962933514561261,0.3775038876115665,-0.165364770461128,0.0605136407463506,-0.35909886556931414,0.05042039867420361,-0.10189183895005445,0.8070478538439546,-0.40052331699955374,-0.10215005136756782,-0.400613734374425,-1.2807380264342347,0.1535627379485901,-0.08732794794471403,-0.022561982299381264,-0.5895224385562283,1.6755499856096923,0.29081889291848106,0.9202602682063987,0.35565272444063395,1.3617653950350208,0.08092458460949907,-1.172429536151606,0.19688923822253487,-0.7018718219926886,-1.6306189341029413,1.385939362977692,-0.3958902977405622,-1.1522428628537464,-0.851654278147247,-0.40411473738771164,1.560904981289137,-0.1598973615174935,1.3851251413664014,-10.633727103276327,-4.918862777388713,-4.711133088460213,17.820341003818967,25.719679761327782,3.038660152692978,1.17578401466862,3.62334573295965,8.372481111702504,15.507529901612134,-33.18540051214566,8.806198305662546,0.0
0.9478310805416327,-4.81849670779412,0.7916726458007528,0.5844928831568827,0.007066211923495636,-0.01383936367136556,-0.8112500293998021,0.038045471195217485,-0.12062575485484835,-0.07513960425631766,0.3890112628375259,-0.13295116149843916,0.06077565110032313,-0.3776481598178448,0.05352484132892017,-0.11935068365822608,0.7619707113937265,-0.36632076532509544,-0.11473566170668821,-0.42441827604347887,-1.3034581375904164,0.13946114454007985,-0.06608208995068801,-0.02558552548752467,-0.5458887881141619,1.443774756149589,0.26844886818911406,1.0577109698826936,0.739739507905101,1.8241744244981606,0.004463232711005388,-0.873696370669366,0.1587731005548682,-0.8362248465725348,-2.2331435953404353,1.4928773068653598,-0.5671418669715502,-1.0124025596119366,-1.177364596173568,-1.4116095175986545,3.0665722750206883,0.0847572589206072,1.1384535501536848,-9.91155024254126,-6.488468583683562,-6.757521955716377,16.068222147289763,22.10193906218364,0.4444472616755629,-2.523188059868553,2.8758426436170863,15.457229917367547,34.17759104494178,-37.259538714534884,12.61661472091162,0.0
0.9390626469428307,-4.8448542627908076,0.7941135512863514,0.5805253570231929,0.0065598382958084655,-0.013472243298274584,-0.8141042789686963,0.06345661907407055,-0.1148298855265769,-0.05172064513264609,0.40973325905303015,-0.09299916644808087,0.057394532375027695,-0.39018774146591834,0.05559808599342884,-0.1393908658092652,0.7071012273218654,-0.3304489281250068,-0.13078877263236036,-0.4478734288167968,-1.3303278273900483,0.10202147496448347,-0.03574927217912478,-0.02700020052973828,-0.462981527229321,1.1735492906513256,0.25736223591459445,1.1821619145448252,1.1847409839450789,2.197109359122432,-0.07406089267403038,-0.5910401021809739,0.10605848156408126,-0.9180477823883304,-2.5776063780514824,1.5510797725107615,-0.7156637561077936,-1.0267712300138319,-1.4592459703778495,-2.5787509043885084,3.5545499010567765,-0.13826301507132763,2.176387632147847,-7.080947024982363,-4.320077896414911,2.033041452141231,8.17523976650027,27.366949628258908,27.707792648283572,-5.406078243600302,3.4659176103865286,22.795699747801073,52.02929976108408,-39.52224259805653,15.731158706632408,0.0
0.9298248649120334,-4.87180673405425,0.7955498929257103,0.5776046040152283,0.006159247524215428,-0.013528274218678615,-0.8161813345617576,0.08266563266060431,-0.10840253262553547,-0.025558323563278893,0.44177418926182305,-0.05091021699059518,0.03803363987473127,-0.39569420737371835,0.05702785000120931,-0.15891949933534802,0.6448244081318187,-0.29142959158374954,-0.14941076777015633,-0.4696832833492721,-1.3639174031467436,0.041583515516190175,0.022309370291002873,-0.05389436451655665,-0.3112390533343202,0.879168347727984,0.25472921396769094,1.1915274676181296,1.7745681227470929,2.2239916691590254,-1.0522029390141474,-0.2123698417581947,0.06578615555394049,-0.8086665036269659,-2.8745249374465716,1.6969410978719273,-0.823818438121193,-0.7229159376524745,-1.9924403654008742,-3.6489398405433855,6.021018696605909,-1.7072667387274132,2.798026435027132,-1.9876926321073976,-12.418948474199784,-23.313781268103305,7.145824216733152,19.34260731819628,8.351690364035107,-4.039299369202732,0.7093367379851008,31.01836822371453,64.7078304471842,-43.09391181194294,17.80465637453005,0.0
0.9201964494579434,-4.899602591143001,0.7955085609382988,0.5762138153062186,0.005635857660813055,-0.014756590732743298,-0.8171463266689905,0.09595349217269267,-0.10371889617434432,-0.004681377093816766,0.4886148881558997,-0.009143467537324352,-0.00543463885118257,-0.38653461636086706,0.060364814087506595,-0.16788972121199977,0.5613698934059772,-0.23646921284648947,-0.16776745635777696,-0.48291923230948836,-1.412636463540852,-0.04655412706720259,0.15779042730814152,-0.15690435814715561,-0.11613857398402881,0.6184862081447818,0.089941843385669,0.8690454255820761,2.5003396732445036,2.2771388959093706,-2.169748536880139,0.6588226091818243,0.13052268464524483,-0.1433817696155043,-4.055389170332246,2.474183120269395,-0.7969827075283207,0.21016890420174222,-2.6277730119265694,-5.403335404544277,11.985274581481626,-3.832135709085121,1.6546901160747003,4.076555742968727,-20.13175861084567,-18.398586513674374,-3.0646869388547033,31.186666165557522,24.723700777462323,1.630563137176125,-11.951490491172555,29.375279805237874,80.48053321865204,-61.816514110814225,16.79163578334069,0.0
0.9103385866553924,-4.928496525716929,0.793088301741643,0.5769060915651977,0.004506802929148996,-0.017942202071869882,-0.8166009598495081,0.10682041258282021,-0.10508286044959292,0.0006130804794437226,0.5479375945078105,0.034395204250355055,-0.05914722153920891,-0.35714052752091646,0.0659125542485896,-0.15722588547297098,0.4548804246009239,-0.15354161302035382,-0.18385481719562385,-0.49088229064989936,-1.470494526734924,-0.19104165252859764,0.28172597877027455,-0.34373234946678677,0.1776020375746572,0.6071942855536879,-0.23540704218381228,0.05212582948952095,2.9890629994378513,2.3034376920633,-2.489196331627839,1.6927771931039275,0.17471459571560474,0.8705286963800569,-4.916212846784361,3.789142217837314,-0.6912196177732747,0.7012826008468267,-2.755807496916508,-8.166783309263872,11.747691216098442,-5.561140672459522,4.139710324349324,15.153225381057078,-18.45432057271949,-6.983914746584585,-19.004467238448242,16.6868186282659,38.18803763355673,-1.130021428694807,-23.36427797003575,20.07471015181423,122.88329033049746,-88.21419061438586,13.977141925721115,0.0
0.9006106815386846,-4.958606879446308,0.7874067000815591,0.5817077363685716,0.0027714220546555773,-0.024156765735496716,-0.8130343654101887,0.11698696695074685,-0.11459618402034075,-0.007351680789741465,0.6114700351168361,-0.032947517054692316,-0.0808716459136607,-0.3077275022234514,0.06972758078161613,-0.10364320111802093,0.3484143266358377,-0.014926218719063336,-0.21352352532505225,-0.4739371694733744,-1.5303381227756616,-0.3631823527746208,0.5583517238973346,-0.5660470176308326,0.9106171679242859,0.48128534420545505,-0.6125108876730784,-0.4912987482680301,2.5127853650906284,-4.131827157967613,-0.6785287782456673,2.7651744562349774,-0.24157744318556373,3.1474006308840745,-4.428985980332723,6.560650425186879,-1.4250980258455992,1.7363558076996093,-2.197016589290445,-8.900906280598017,16.795800483934357,-4.47023723903162,32.08312042318189,-7.079110090692973,-7.313103945414982,10.34198864581202,-91.90652327385372,47.49958852119398,20.353537013053977,12.805815433169712,-70.57995908290992,-18.53005999306602,153.5552034181611,-129.23687750795284,24.72620722211571,0.0
0.8912638028515676,-4.989178191827998,0.7792034000637841,0.5925519554682953,0.001757368623119219,-0.03203100046478855,-0.8048932269161214,0.11599857242699542,-0.12479606559854559,-0.015081079783981856,0.6613895216079311,-0.21319396064430451,-0.07122040363641098,-0.23996479393448328,0.06151470995434231,-0.02754861612807532,0.2767135095280575,0.05761537039961369,-0.19073934608744972,-0.48035127499167163,-1.4982027676843819,-0.3936744762667415,0.4346015226361922,-0.3585096369079156,1.6472230560107968,-0.5629859139369284,-0.04257634101730928,-0.1466104028239096,1.8595666299289861,-8.854878251977148,0.5923804324882075,3.7739627289219158,-0.2740613102934088,3.319559935296354,-1.7756812383640903,-5.535957700882667,1.7029285718781557,-1.9912708666906327,4.626942111108159,4.838743590559957,-27.24140846162364,22.916128198262573,28.208350494544945,-63.4759503986896,61.691344146710094,19.82339697260168,-90.62144345250223,149.5321012693897,-10.175890786103958,63.62817814631592,7.661434643907946,-177.98418768460786,41.935186369031,-697.2835065152318,-60.39793554745346,0.0
0.8811480760300334,-5.015423364729857,0.7762353941801884,0.6017122133141789,0.0020200588983744607,-0.026275592039380683,-0.798278100021277,0.06957608780208573,-0.10161215161532675,-0.013944694828047987,0.6986337500233128,-0.3746457827941505,-0.055943891342037075,-0.21159833724877475,0.07156384018577026,-0.015698601496876886,0.29560720704887944,-0.03905721607202732,-0.16392660648599006,-0.5182644522631071,-1.2239835194913888,-0.0028808803842851095,-0.8866890490197277,0.7592211978268275,0.8370487690269729,-3.1611349422025827,1.5837387000495102,-0.2381921321917995,1.3246000902170036,-6.8496722542356325,0.7002507115722287,0.7363664774353468,1.0084796420439126,-0.490928006892016,1.1645153895829956,-3.5672810389544813,0.7769100634492379,-0.29243043402074675,5.512601089232293,11.25532088675873,-30.983609249667595,23.737235976864685,-24.42552423819392,-56.203486411283286,6.586753974816034,-53.32054709614611,-81.48824557606227,142.91880302022722,-11.60051553267922,-0.35996415096424755,39.32234778391642,-49.12163031654904,-85.12957994764052,146.98685584813308,-41.4230946405553,0.0
0.8718720257510862,-5.038857678253889,0.7771062407851066,0.6050578564982165,0.00550266337885855,-0.01461837232548784,-0.796028274734055,-0.006770650916300917,-0.08231649790134576,-0.023661208387638678,0.7131589159487942,-0.45358456412325987,-0.03637875441798998,-0.21726274482497043,0.09209360112401113,-0.013510868230439068,0.34214598066069896,-0.09849467072358711,-0.1644794426312216,-0.4264957205695541,-1.1507872490373114,0.07836528120522376,-0.5762075301026467,1.0579694025157682,0.09688386244827568,-4.086776912628345,0.5448000895584604,-0.5861620221759841,0.196999010093791,-2.8026918689595126,0.8951240974323477,-0.6116733537112138,1.0281391782288432,0.701253166732082,2.592467190896103,-2.3272787183788886,-0.330747764755994,3.598375553401579,0.7885198721511868,3.6193250406679183,14.970308278904639,-1.0977547266659722,-27.138722901981428,-11.980693190760634,-39.10621882980118,-2.083085200116943,-57.67620636874053,75.58097351327534,-17.01586259135313,-2.945148120721995,-1.31518924350379,66.50306800061436,-12.350624795186867,75.00939497712494,-15.607805565265954,0.0
0.8640163565891495,-5.061675065554885,0.7787869374595685,0.6058520680602791,0.011378742990101411,-0.005392361798226085,-0.7954776667319361,-0.0931773435674862,-0.07508416446614043,-0.031024431240587447,0.7099054364826946,-0.4746168134014357,-0.029139336201060545,-0.23427796623071032,0.10980761553650516,0.011355080501903786,0.4025051447271215,-0.1386532650979264,-0.1765154782708586,-0.37263827125281573,-1.1495338026224156,0.08693190520252825,-0.2296032894746969,0.9067723216182394,0.15283410086352076,-4.316020068047668,0.21897760722266096,-0.24124388892499155,-0.44667565478574994,-0.5255102210173467,0.2099433941815442,-0.6410070750025889,0.8580537605265514,1.9723727814716625,2.849933412233734,-1.8486584753114332,-0.989599565397547,1.7595693209247703,-2.1455943567889126,0.10804939098595608,15.959610186416057,-20.20324109190925,14.7855100419207,13.449045028556823,-16.496213834246912,9.867583324378545,-28.411899777695638,20.943294721488375,-6.5043437657339,50.883254872866175,-3.816510369481813,78.80730916762863,-50.3377219935967,10.335998578697438,-31.16463215713714,0.0
0.8569649031039532,-5.084941168909426,0.7804772742845913,0.6076194664405238,0.01667786906902146,-0.00012336361892600255,-0.7940531578347055,-0.178917152691481,-0.06979078599824338,-0.02332814223693034,0.7057725559000759,-0.47632925447837327,-0.02914343572478343,-0.24181702533944818,0.1194723888275497,0.03958777250428678,0.456304986013319,-0.1641550872991993,-0.16765958834740377,-0.3413607456989808,-1.186988751809355,0.0851133480444035,-0.0030730662242979163,0.5416806271139111,0.2875018979991258,-4.061117452515717,0.20445225667994735,0.632171207241517,-0.19121598460114583,0.015687757687567593,-0.044464039889628194,0.026517765854812803,0.22754268089663915,1.0128323420975873,2.401211938439891,-0.9721256444595093,0.9486747684419659,0.8947378809377627,-3.501212986292192,0.2991962523134337,9.965500199204026,-27.10577785404671,7.868677787285995,39.10499328859571,-13.403091004734632,9.228627762960873,-8.67109221652615,0.9131373464308313,-0.9522131645658966,56.71313588537802,-26.193627654506177,-59.25278419623004,-34.51739227912806,2.3717601029822593,-51.40311507943923,0.0
0.8503022749442994,-5.1090816119502325,0.7821882400951178,0.6092570253237843,0.019754925143894316,0.0018741753057916848,-0.7927244839747901,-0.2538304419682626,-0.06601859991876592,-0.008822019509492305,0.7016872382149824,-0.4524685658558607,-0.031251313853713186,-0.23905699945938322,0.12187742105190888,0.05087176349940078,0.5079354617200145,-0.17710856291778979,-0.15045418461389679,-0.3292913878065944,-1.233712018516664,0.08920724276434115,0.04295560579553776,0.17441303639436467,0.15249083725866436,-3.349266450121732,0.12196063360489205,0.6398306335595269,-0.2538692706695561,1.2858800651052278,-0.10506841115511939,0.4119591552063297,0.04511601917896108,0.2686085349206632,2.514809842407651,-0.411762814689073,0.664033614123019,0.23646970459762676,-3.6648838243612047,0.6605485250979944,1.549049331541255,-24.82167091761641,-5.7773061053511965,52.928924998434574,-10.175397651005541,-18.488878651015337,-7.549596035680114,-20.812179615451342,1.5067288691064538,41.92127480580231,-7.257587007257493,-26.363502753545802,-20.376573163211916,24.393078152491192,-27.422023562755395,0.0
0.8437829790253721,-5.134290552262847,0.7838977335557524,0.6095258801469817,0.02009537378061377,0.0015221952969250252,-0.7925099748931522,-0.3116139910448379,-0.06387949837628185,0.001664353272179439,0.6914778500958095,-0.40963699499054707,-0.032078125110452146,-0.2288076134170269,0.12240709723953608,0.05211695900513864,0.5618919320733248,-0.17925487127199224,-0.1432186531062676,-0.32544136181281397,-1.2891112263461177,0.08429206812589829,0.04502373736441159,-0.16420726764583196,-0.044827316776951204,-2.4631354373759753,0.07821455676652696,0.35824144043103134,-0.5934976190736082,2.0251607561228657,-0.019139651257218244,0.7423517054060134,0.009421918311641112,-0.06561676761698855,2.6481552583734924,0.1426815256888223,0.1693962879806024,-0.09213633721228102,-3.648809259833273,0.03556661194336108,-0.7716525080331325,-21.001566464771088,-8.132736048268667,50.56567458591341,-3.4166546566922893,-21.176084483749005,-1.383823289120313,-39.96487583138384,0.9592386017326524,34.91163495387235,-2.0149720353858305,-10.962641984279038,-18.04384990283374,28.334640157812384,-16.508861588272637,0.0
0.8373214620819283,-5.160645619953428,0.7853911989284132,0.6078432321342906,0.01818248314485027,-0.0006151910879953078,-0.7938486152883001,-0.34822292773224583,-0.06044533961511655,0.010742881932716407,0.6613537231603667,-0.3500481470347368,-0.023953532520332547,-0.213656935431671,0.12178838887232755,0.04776979525319185,0.6190278493814128,-0.16927850795920746,-0.14222235103407524,-0.32348168151400364,-1.343201179084366,0.06502159454754666,0.04550015849415645,-0.39360217413327153,-0.3055782249874214,-1.4285699342847273,0.20422990799440416,0.367130350434324,-1.6992184318218566,2.7359819154557505,0.4177171685367041,0.8869939473367002,-0.051001694047876134,-0.30794680001881203,2.8340621051351964,0.7769686440613076,-0.01406863838919098,-0.1942538986997506,-3.002441104935557,-1.1309557157576562,-2.308713089914313,-12.880335775208344,-7.952106001939917,37.41636474087753,1.1407355693265364,-18.504893732182335,11.914710598670082,-58.764354093085316,-7.626511832273985,22.357846391834407,-1.6494373962262001,-7.614437413539498,-15.440719488494722,29.48026845031065,-5.636330111561057,0.0
0.8307677987901558,-5.187973786297072,0.7860695439518701,0.6031702938499129,0.014649116557252645,-0.003372568164346879,-0.7974707679815469,-0.35545359891483225,-0.054115705897748195,0.011460366102021483,0.5792830385359695,-0.2526662436087598,-0.004767557565830218,-0.2039455999680201,0.11940736818878066,0.03357779515516947,0.6913576275482897,-0.1419678452008771,-0.1437059799150902,-0.3360305741599237,-1.3826327247612487,-0.0007827119172586754,-0.06889189205081594,-0.49993198761703905,-0.7323334073684745,0.08026220744410338,0.45434249440336943,-0.284386627987238,-4.5138630688947705,4.529203548807859,0.919946063491792,0.3531009785161936,-0.13036591503862024,-0.9355353400791159,3.8551182831732285,1.9027154805080415,0.2977722851884471,-0.8025941125281648,-1.8472890316695885,-4.364903643650197,-10.396760547657621,-4.905036740619925,-11.847276800472075,22.581274016915636,15.268854871212868,-36.063815324364874,47.13254737088142,-101.76462721822378,-16.631013893654632,0.7979278336260485,-24.896216776773233,-50.558520029723596,-7.851762250736932,108.11931168426644,240.89515309540167,0.0
0.8239769140024342,-5.216198953336877,0.784421396228266,0.5931015872137867,0.009400891818756228,-0.005385826207714047,-0.8050547331415167,-0.3178676456609049,-0.05857796087811536,-0.06780930005068637,0.41213187063241324,-0.037816828811804544,-0.01878980076885033,-0.20825342162508567,0.1057630918175616,-0.012132999180432175,0.7810439638701496,-0.14839868737640732,-0.15925484368500867,-0.3604166007610248,-1.4167843764492427,-0.16780880119656758,-0.33819337365395313,-0.5466455481901042,-1.6812455359903682,2.5084888492385735,0.13619473994592599,-5.351780556197448,-8.509748292697893,10.325633815724991,-0.8104075791826778,-0.5535961763278922,-0.5170034583959401,-2.455768292234746,4.088474531901834,-0.6132959050912583,-0.8456401920315227,-3.0762106538886025,0.5904972459902974,-10.325089213539194,-26.982127475923804,4.990854884305531,-46.66571548835837,16.188961292180217,95.05758885292131,-28.02376334202366,150.42202863851583,-220.27266559167165,19.50224790818998,-33.0929627961513,51.85692609314813,32.637069803856036,-89.41229151289562,11.895397240999168,16.31264303312622,0.0
0.8172857811417882,-5.244930346783089,0.7806381019570434,0.5776577928864932,0.004387007359717225,-0.007551137670462494,-0.8162323252627354,-0.25795401666667656,-0.07112141594676073,-0.192919558838596,0.32907776226102564,0.009801738588864193,-0.01969234356921762,-0.2180507782907697,0.08301429731085144,-0.06523800535111154,0.8389736008389558,-0.23927969540426516,-0.19105321318549273,-0.311195262353878,-1.4393032520181166,-0.1582971964654218,0.1703287932583723,-0.463860294383623,-2.110676317389731,3.5770526306911457,-0.5891868422010403,-4.2912374165506755,-1.7124609354589841,-4.323925062522628,0.28023025012820013,-0.5811744548413272,-1.48280459862948,-2.2133923903381616,1.6978607630125164,-4.820796085533435,-1.468584058542734,1.9582530085284966,0.6707091367152306,4.42665364398096,31.324336009190596,14.707961778384743,-23.771265742774197,78.13264667561285,51.09451684689696,320.5620019919407,14.953406347771711,-309.5201612981224,-54.98380466998121,-24.058360591092278,-14.645617657309543,84.51334751558053,-127.01648279500347,66.14963195064617,30.955903947233487,0.0
0.8109909072007817,-5.27276182913077,0.7787439199194608,0.5611597231224141,0.004649629962792588,-0.011126328524602148,-0.8276196897729937,-0.18640395191308576,-0.07599793178947288,-0.23953225055625144,0.29654674496728894,-0.08449990189368965,-0.03528264379789144,-0.23643244897829355,0.05692863482799612,-0.10263252927938382,0.8438882963575329,-0.328242131558002,-0.19903103386112725,-0.31015298275466335,-1.3452174027958237,-0.03945507102619629,0.4509556770960857,0.056935833190549165,-1.8997653125642862,3.2898199489346602,-0.13955508159420066,-0.7660747299705928,-1.704724737719792,-3.924943758634706,-0.8323254845760326,-1.3606369803208445,-1.1071138255369215,-1.4099509783007078,-0.5967074454623197,-3.8429313369384195,-0.10646590069306452,2.9111336095368414,6.982179968582331,11.871843920731244,36.77019376388203,39.81897360046162,30.539761697612605,-131.8497013472633,-18.19037375690915,333.1507553834777,98.06204855907954,229.31338166611286,83.79797051159856,-65.06948003237866,-14.35239104857807,44.958149195743,-81.20292016556756,79.68309167755778,13.43710731040817,0.0
0.8045666450829545,-5.2987463223885864,0.7794906368840049,0.54821973361421,0.009426371865730424,-0.014477836185466934,-0.8361558822664583,-0.13833125324523105,-0.08233980035970849,-0.2299554038612228,0.28285328243234553,-0.13355358413711801,-0.044166765026248174,-0.2639345295512529,0.039187832406186986,-0.129144011139143,0.8072356193143124,-0.3841378803058838,-0.18102738714270886,-0.33385914774502334,-1.2667105450006402,0.0810401599254476,0.5872927965896099,0.268463497984093,-1.3537192323473215,1.9740276097825842,-0.5093711115547047,0.5286796062381436,-0.26416725187636797,-1.4934967039291598,-0.3024260698463738,-1.5089944378697535,-0.5583016792509621,-1.0308122233104475,-2.2182772833049547,-2.2847444829191095,0.9537183425314869,-1.5679264298670097,3.25453636956599,3.699937010300564,3.8027928402025197,6.728827707221783,17.02349833221738,-31.595394815242717,-22.92491062429446,-46.08980376755859,26.326474122947584,88.44353195278455,2.349014733593365,-22.582486535687398,42.95071986064037,45.1581253194467,-1.4386412235975659,43.150265121749264,-15.839916932359182,0.0
0.7975344465289359,-5.323622467132377,0.7815491682671272,0.5388390234582089,0.014707786182618357,-0.01774929195835496,-0.8420933145793204,-0.11836881361009777,-0.09743306839289835,-0.22089835489880155,0.3155530088632244,-0.15760915609855966,-0.0613990963937687,-0.28222586628694357,0.033175615584968336,-0.15105882233998802,0.7228811513530163,-0.40712957344523526,-0.15860429509114385,-0.3607436946503778,-1.2311701636415269,0.11408072166146771,0.602922419829724,0.20397559998361275,-1.0456220114772303,0.523894337196102,-0.9363194869393802,0.5383450324594776,2.5494101922848493,-0.7905164222419492,-0.8234271598441045,-0.7513772637752688,-0.11640573360207118,-0.9042106934488154,-4.594758998085079,-0.8868814795062311,1.0107868425052364,-0.7726193871568356,0.8432450899068329,0.8317463584277403,7.944401812327408,-6.434358803426322,-0.4089313747890473,-28.58241904138126,-17.90622356002143,16.420054720286497,57.48695898611412,54.97980265579285,24.854799100975356,-1.880725503031492,16.7270115867649,34.2902360310957,40.15558873905751,7.900798943307926,-19.1877341225855,0.0
0.7901489583991984,-5.348511196145522,0.7833265971000984,0.5333751379466507,0.018724375736477984,-0.023041014005147104,-0.8453575998636812,-0.13418477220709235,-0.11808453095820827,-0.18016725087201113,0.4206408172136922,-0.18199620785271098,-0.11474910647164202,-0.2663115789239899,0.03619249274369833,-0.15465593920786722,0.5541597609852444,-0.34181664897437725,-0.15726376591902377,-0.3642438963797566,-1.2630987955116075,0.05284778045287303,0.8257261305992094,-0.10674920638166338,-0.47287072169994654,-1.2623674204013735,-1.237330419636058,2.7318248390034405,6.287210315942006,-0.8138465786251928,-2.5149244662440418,1.3378933123992647,0.09092075308297996,0.47299249028304996,-8.850819735726322,3.4930060904948697,-0.08385314974430577,0.9604309389725383,-2.5553405855092843,-4.704997235046803,22.866954761406348,-17.435464607124977,6.975365607345631,-9.828845259448023,-23.393472776810718,42.83349663085876,34.54546304129734,77.03476819485613,58.57017335452801,13.274436773539284,-23.031442372764154,71.75513768065998,123.58248946962007,-79.76120329073383,-1.2259308011594492,0.0
0.7826428436612561,-5.3744546158526365,0.782068587839811,0.5318213625573798,0.02029545168166923,-0.032220182161481654,-0.8459999957624875,-0.16808424205960856,-0.14161751899656458,-0.11793087426755668,0.5768583419725868,-0.21143726849656905,-0.1531917185273934,-0.22470543898029527,0.04997811619290871,-0.08716950091515006,0.3825652664471826,-0.10821808460752731,-0.1792500983069294,-0.3799099824580743,-1.3325191080704493,-0.13642273704963648,0.8935678485821726,-0.5755050009699593,0.03532416006396363,-1.4409381611081886,-1.1710185837717915,2.859573919982193,7.200704689681033,-0.7927986160516867,-1.573170192571159,2.3503572995867024,0.3269248632077814,4.0728255329840355,-4.755713349063942,5.947818388546592,-1.2671261930119182,-1.8029954487115698,-3.2966311238342265,-2.081033601770877,-13.3246611894142,-21.379463788622417,15.348893955516594,60.530739928205776,24.32030301813495,-55.61406275534879,-174.60313836222915,73.0819951650537,31.470001494921956,25.77894255533503,-83.77906896899425,-77.19968287628934,791.5888952078221,-1664.2664341843788,1.7424171648551905,0.0
0.7743370076097325,-5.400204637395739,0.780230505175072,0.5331460687702853,0.01906930936352196,-0.03756521502782518,-0.844973659598393,-0.201394908520398,-0.14875498111166208,-0.07652379510329646,0.6951245575067508,-0.3090869931320153,-0.14026585595875915,-0.17914355585839137,0.051606077645162535,-0.041838569054687184,0.3604156500303453,-0.13497819221475396,-0.1809796037979461,-0.4582251551636268,-1.2427454934221864,-0.01445169510923875,-0.1293224886601958,-0.2067533465817625,0.24489092106106708,-1.7092457467925402,0.43306072575801646,1.2772651636711743,4.199624926241107,-5.133854290936919,0.909981438771881,2.230069794999286,0.24768260406496495,0.8160433515231138,-0.06404191311829796,-3.054765492869068,0.456515293802646,-4.931564223786214,4.52379463141833,8.865501654330103,-55.546757580161234,17.80910648526464,7.30662965083303,-0.3553572356206194,76.61903141903339,-100.32416347879033,-200.564035765108,70.20573967288577,-12.195161939894476,11.950528158924842,37.80993852471391,-119.82917426155727,-9.240400953184531,9.621901402559256,9.740375138926117,0.0
0.7655250704168775,-5.424015636284032,0.7805783182826096,0.533372416009168,0.01872353461160486,-0.03450126123304401,-0.8449692053947994,-0.2468505242596893,-0.13821684405049595,-0.06181591594645845,0.754949525353681,-0.38162153164694496,-0.10746129110609669,-0.15094191833844606,0.05976529707889176,-0.026265250161443352,0.3771844778270372,-0.1921683402645653,-0.1753830322591831,-0.4311725411414923,-1.1601289431346131,0.04148715801143686,-0.38307965225662594,0.3499096967327952,-0.12783102398990123,-2.5776834121826875,0.5602732465740091,0.25643425897794586,1.898569811435859,-2.8350889105409527,1.535705660329587,1.0370823143373749,0.5833699979603079,0.9785644923990573,0.994919388610396,-2.3117354995832238,0.15255534581257862,0.7639318497181539,2.550059795801493,2.365746100944384,-10.30066756180971,19.29429521179664,-12.364763166861891,-25.317747636319375,2.460266415372763,-48.64187288705584,-120.16707892531294,65.2543991843286,-29.053806251139967,-23.613492647789837,20.297178416441504,32.52678288989337,-13.39589572779794,76.39224795919161,-10.707424492138472,0.0
0.7572513642400346,-5.447014041690625,0.7811683895823682,0.531437274609148,0.020767362139594184,-0.029363463978065083,-0.8463338152342558,-0.2996602824262589,-0.12209901113584001,-0.0446743682283063,0.7626762202590159,-0.3953417860322489,-0.09140751871741523,-0.13953283320476784,0.07164059795493145,0.0015732031544617238,0.40988068035001796,-0.23333272519355183,-0.1762195922343558,-0.4042023897797986,-1.1496417066784628,0.017222596483538397,-0.29460508865078255,0.4595780638176047,-0.2540691984804969,-2.683140527389445,0.8030991686671194,0.9073379105593262,-0.43094520495611754,-0.14617565611364697,0.5579338878725092,0.45643123286025,0.5761007965280064,1.5500715349573504,1.7733303791189652,-1.8207597594057092,-0.1410041537090379,0.7019335594873505,-0.5577031136606098,-1.4904370460309557,2.384675137305017,-1.2670405642036362,6.358082284506676,-3.8514533794967716,-13.200633424382382,-21.759814680010322,-62.80715608302626,19.149269583655173,-15.390307697667675,4.614742335308545,-8.110963869844246,-12.538662803414423,-6.410344041693638,29.07470182514101,5.148500556608449,0.0
0.7493669294123474,-5.4703223928654126,0.7812633588757296,0.5290486255640033,0.023119955315139388,-0.025373219311380753,-0.8478969390184404,-0.34780447284366367,-0.10257090654442436,-0.01026451496645432,0.7258818746450915,-0.36585299859016324,-0.09739417732323878,-0.13115746181566088,0.07833359421962814,0.02289228736094668,0.4498941596101422,-0.2632723909252302,-0.17169768537821697,-0.38933680389387165,-1.1817822736925232,-0.01009855218232856,-0.17399272240483787,0.32659903096618953,-0.24877153096787638,-2.296345417886499,0.8459926417304652,1.783282629639082,-2.2683948141675194,1.558949238514823,-0.4176289618565117,0.5384724255026883,0.17959835313476297,0.7082459584788523,1.9739947020816813,-1.3090227963850323,0.329363633653129,0.2852774750856615,-2.109971397095779,-1.9097970663156647,2.3090619082838977,-10.382569176381224,11.259163794731338,5.255245948306565,-31.65182242035558,-32.52090762587243,-2.608378894042465,-31.876076095506455,3.9523612239957875,23.520537989876228,-14.14906762384576,-35.26608010676923,-16.280122905524337,15.465934658357334,1.369542713800273,0.0
0.7415673112617859,-5.494411360082686,0.7809239824679279,0.5269385356923478,0.02402793163022898,-0.022617478141972878,-0.8492625552716159,-0.3825133282288609,-0.0869589698295394,0.030478733032353343,0.6485000392883759,-0.30171048968341896,-0.10889232365464138,-0.12178835105073328,0.07967943083056905,0.028470786221501117,0.4971928735017401,-0.28148227051667873,-0.15860034623831007,-0.39445256581495697,-1.223129488194849,-0.03109861162711615,-0.23693784773704687,0.10908709130659268,-0.1786815241885564,-1.551064972310123,0.5472358431610947,1.7602180563569434,-4.041909123462158,3.0193494866356767,-0.5286363740441504,0.5616648598761228,0.04194354435698151,-0.01291962344839126,2.445661640734512,-0.6411003653396006,0.732793248857977,-0.8096492534188884,-2.165260607861902,-2.017595518856389,-8.5973069449313,-12.952300563016284,14.406489612987535,3.5422733743101578,-35.13985791544044,-59.6604600385502,48.978561275579295,-68.75758303681047,9.881838906842209,21.311010636675125,1.5143866703609614,-27.813256594700732,-7.565712801045105,25.859102577183478,-2.8397309927685885,0.0
0.733348045340594,-5.51945733054906,0.7799587771465173,0.5246127460132938,0.021552319144813745,-0.01983214318198486,-0.85083702925806,-0.39225988969767317,-0.08318475188809246,0.042955625632708425,0.5217064756839181,-0.18494263260789018,-0.11299556685832807,-0.11500951275678523,0.08227047218780727,0.02196319801252087,0.5627124553012964,-0.28383768319880043,-0.1410136647003072,-0.4318269040798228,-1.271068118090899,-0.07560278408960551,-0.5414299042014245,-0.21799264092931292,-0.276610029685014,-0.1359334963709799,0.0856179240451143,-0.13644267998663034,-6.3235347521715335,5.461900788415914,-0.09691019995248801,0.36032237262615163,0.3102341282595082,-0.5256723500232797,3.5557959873112157,0.26139757706268824,0.7643479161039316,-2.7636392927674773,-1.8932664259429839,-3.614018190371771,-23.174883023472045,-16.31293115772874,6.313381763152735,8.060754911464965,2.522073965575445,-65.6939852387098,111.34477881238865,-124.36893033934996,5.712240075022477,17.933363281095758,25.225634783079926,-18.504206177675,1.7347672980012168,39.68029154007309,-22.048099564115162,0.0
0.7239957597077421,-5.54576125329714,0.7767929613886777,0.5201744564841057,0.01337976886935831,-0.016529479256208963,-0.8537952289173244,-0.36786286756557446,-0.08777124494460806,-0.009871031365265702,0.3611057599058585,-0.02945147901236018,-0.11333560313019139,-0.10505835822297123,0.08996775958622598,-2.3451577540291053e-05,0.6457102516712045,-0.2789403606057962,-0.14109164965203777,-0.5023289120848226,-1.3394027856998816,-0.23600543441833471,-0.9053002557929499,-0.7531004078108757,-0.6802155606953585,1.694665238451446,0.1002893712346013,-3.4784300678758626,-7.334117895307641,6.959915419917409,0.03240114173652565,0.7482721621261448,0.5722664402176947,-1.286741365749571,4.187043730178758,0.41585139914113256,-0.0030015504937986014,-4.0314022044985505,-1.9620889890338848,-8.888566605968997,-24.415516114443392,-20.436882658651964,-13.5312094111427,14.496295198799839,70.79124087589479,-0.39640708004934666,187.91476240619195,-165.38223992127323,3.5676881889287113,37.356907852506396,28.81064727709904,0.41275907199960926,-26.132872953165077,22.344170366452968,15.04659792656973,0.0
0.7136043307840432,-5.573099548708941,0.7699419133298063,0.5128412174085878,0.0006052538390028223,-0.01266619299098201,-0.8583898222543085,-0.3338730047934271,-0.08165565057759805,-0.09368014050077231,0.25882205979798406,0.06374074641867886,-0.07225945366857289,-0.07996293717364264,0.10232338699731953,-0.020587736528866994,0.7024959955941349,-0.3344164805401814,-0.15296276010544724,-0.5257864284697661,-1.3787112705769828,-0.4201344219222625,-1.0249155068169098,-0.9650286107845747,-0.9810381170316479,1.416292620754765,0.8923488248466566,-2.659039408128777,-2.5298061220904007,5.1187037485570865,2.2684669305984695,1.4825204345840215,0.5982716924437296,-0.7957138248347115,1.7772383785460268,-3.140231306361523,-0.6077671833655743,1.2946663769713613,0.12854002250478513,-4.975440595398686,9.697489295175641,3.709091877383178,4.800440052043082,-114.58138088163237,116.22764596788167,654.1435672044473,644.3044856219557,809.3910178670587,47.96858081003377,6.9650180091590785,-30.817926263584386,7.708036774542917,-111.23469491914837,39.93655324945903,12.897126947691323,0.0
0.704890809776157,-5.5997578332142135,0.764064124349485,0.5078493368249434,-0.005987142080546926,-0.012647704271273694,-0.8613322476215777,-0.33300342245755027,-0.08400184604434326,-0.10048739118367325,0.32159963226322413,0.06801138729584957,-0.006183000448139228,-0.06322001698060067,0.08767812132539105,-0.04320879574455013,0.730969626432617,-0.40476126978769,-0.15241338390133588,-0.35462993358368783,-1.292375986454563,-0.12400607399441618,0.36781957722275516,-0.22110200696352658,-0.26130007552182427,-0.43024502229671374,-1.0582433071943795,0.5144532415800721,4.960378644682184,-3.914690911895871,2.085194570695354,0.30907238180814856,-1.8015652181290516,-0.8966200841761922,0.8967713600000057,-3.1159344413747623,0.13920859333220678,6.082647966395114,2.318920373120274,16.15315085423834,64.69721547010349,25.218231439240927,14.779282176787213,50.617150686817595,-66.63511712050749,56.189322196915484,-80.96520617205267,-144.40895293715906,-136.7179461696562,-39.94580447931658,-69.24098836309769,79.58329712391368,-57.9604969062266,58.19029206033613,-1.6610979378117168,0.0
0.6979367031359377,-5.62509080888361,0.7637126777948291,0.5061566853037799,-0.004107732159742001,-0.018295651490421096,-0.8622376734957333,-0.3293351370207247,-0.1080178126137194,-0.08651043408230336,0.39976378616143354,-0.018160715134707087,0.02219331264381021,-0.06250495401042055,0.054652424938283956,-0.046004397620525626,0.7438555456535176,-0.46986701740526926,-0.14329760692126053,-0.3536516599464282,-1.250971924373065,0.05109621263626489,0.6679336107071325,-0.08475116698432325,-0.18449442421556825,0.8734340444136962,-1.1995697261996074,0.7233783621803308,2.5386376233015464,-3.891783557941636,1.0901895171133331,-0.1274777383353902,-1.4026655215435428,0.40328275944211567,0.40213900271398234,-2.87609493217185,0.4294563223835339,-1.3211672009002904,1.6239099290226997,6.253667235637381,3.787039468368624,3.5325352794922042,0.6576846214417945,77.9883956419898,6.239336573534683,-5.867919221040436,-163.02932494168752,77.44018791134917,-24.435687308334003,-16.39186992419134,33.79342532778828,48.47664330137585,-25.28026891700603,55.99703011727056,-10.101402982654989,0.0
0.6905139774284835,-5.649591132800658,0.7651679982312727,0.5034241618901635,-0.001571297513736159,-0.023312236773856694,-0.8637234417716755,-0.30442937383206875,-0.12679957104858863,-0.07172879855818277,0.43370303389228076,-0.08642978875749842,0.0421147120196641,-0.07324934693871414,0.03528679472689196,-0.0313787277572341,0.7596650472067155,-0.5150712942991786,-0.13042142528305667,-0.3901040151189538,-1.2065740271749459,0.08812344705033895,0.4388562355975681,-0.017301439590327386,-0.37948040704685,1.5362295789497422,-0.7322752873296574,0.6657031042959791,1.0516626923768846,-2.999225930242721,0.8867804759630918,-0.7419125035756021,-0.6481314006979308,0.7746605401067506,0.8174345380693232,-1.8069901854688926,0.5784131784361141,-2.396497215171416,1.9112840263226298,1.4573051704116418,-15.102906016925248,1.9017130202286412,-3.202024774424687,28.65378162147059,22.350911893613066,-13.564199682419765,-63.49083765372285,43.655638062709656,-13.45793559070153,-14.744657969487132,33.06990127692608,-10.921825297674872,-14.328492476443898,43.99680257109917,-12.758446164444685,0.0
0.6822930128792609,-5.673291332370313,0.7671705745867453,0.4997819659700187,8.100699255167718e-05,-0.0258916712610186,-0.8657641718668663,-0.26821690988100755,-0.13730988119216028,-0.06111990108546165,0.44195137732666584,-0.1372137508110908,0.05610843682644545,-0.09372231982583924,0.027984468388321818,-0.018089741996776598,0.7811736932900988,-0.5372487282326895,-0.11705907346129567,-0.4318930042037573,-1.169461624612751,0.10686963663392891,0.16467385896335646,0.012163362306269857,-0.4078857701417507,1.9896851187796498,-0.3604581449936757,0.36858759282854653,0.018825342659043412,-2.2577469777412227,0.5671940521001475,-1.1301624342996275,-0.14095759234153643,0.4510666116849509,1.0067822902507562,-0.7895392939017025,0.5846086937176362,-2.51435272366378,1.595899379308209,0.4570973454441562,-16.494452425185443,0.4184358294825893,4.894013631773073,15.74049413470566,17.864340238050143,-21.10995372156592,-33.42130504160152,24.038000627923914,-12.142271971231743,-4.38879650345995,23.669821752498873,-31.82949693802755,-23.947168784202166,23.188656782673153,-12.45323942917129,0.0
0.6733482317296671,-5.696347877115367,0.7693935105976936,0.49615354811910795,0.0007141633507189248,-0.026377013729828765,-0.8678337397256599,-0.2245483129095243,-0.14189295221561746,-0.05595922819818415,0.4332378449797911,-0.17557457942408228,0.06471902046507584,-0.12131499690821278,0.028057250032321724,-0.012779275399249168,0.8082507938379982,-0.5434600148397852,-0.10468139284976023,-0.46400377370675944,-1.1414114127123642,0.11173124333932667,-0.034537565956933414,0.016798035254687618,-0.3799575407625554,2.3003840023784674,-0.1188786225892273,0.12134408071134808,-0.6783427734746177,-1.7287538378471108,0.3537779830849015,-1.437775660193758,0.1500020499396119,0.07962336330772482,1.2858387723360785,-0.13990802632525456,0.5368232153055081,-2.10988710110768,1.1681476007569378,-0.2267173757448581,-13.075914111304629,-0.8820841217970442,7.251538723157853,8.861709547655016,13.024152380983281,-17.26167089494973,-16.68019126316542,15.016834005764055,-8.077860053732271,1.9651142927528533,19.413864845793775,-19.45208085679264,-28.07228250625876,8.70034108094516,-11.129720695182202,0.0
0.6638980510902435,-5.718899271057298,0.771546122193462,0.4927670775665855,0.0005794953836722843,-0.025443914154215985,-0.8697889851476039,-0.17664233803811558,-0.14248517733249583,-0.054247798040993826,0.4142423393722069,-0.20455677346379075,0.06917353599946574,-0.154490517904057,0.031887179739229846,-0.014689313443587884,0.8400218571635121,-0.5394817792752387,-0.09287327325957387,-0.4837770721480723,-1.1181478343418843,0.1017030482862901,-0.165295597308091,0.02105040267537204,-0.34922823451963514,2.432332719389003,0.04143390268902928,-0.019804565084996957,-1.0422550219435462,-1.308572701937109,0.17634229544280308,-1.6881687243835146,0.2679239253199933,-0.24057905454750395,1.4657948479939584,0.27184529847011335,0.5166694656691958,-1.4686018016354387,0.9746693496278536,-0.8376866278557534,-9.514647105040998,-0.8175528763357541,8.036887511638838,-1.0003366629410837,6.997202008614213,-18.55890503354677,1.772597800099228,10.243868705661473,-0.5285985211352486,5.485327501274857,11.133483494938169,-14.959000502478133,-35.329357008064186,-0.8350504435538235,-10.511347761089494,0.0
0.6541015395842761,-5.741036561764334,0.7734346442911253,0.4895149077844698,-0.0001000650899144556,-0.023430174974822016,-0.8716800857794031,-0.12721351640526388,-0.14121041932914413,-0.05980909339003393,0.3904646696415977,-0.22697000054592076,0.07103511731456202,-0.19066689956177396,0.037591610227911826,-0.02218088331698336,0.8684249123020475,-0.5263414392439473,-0.08285857480105482,-0.4968246536080007,-1.0981649148971617,0.08702668187376927,-0.2658232694690171,0.03726199083569502,-0.3620962524448286,2.430983952154387,0.08644320083585211,-0.480621154525099,-1.1418236381023157,-1.0298621129710566,0.11373393737540663,-1.813814474022035,0.3351193623743356,-0.45096926428015005,1.1621516964962444,0.6692792560150662,0.430726356120878,-0.8439574844617652,0.9374875801603848,-0.8216510540228958,-6.145300439132191,0.6312039273459833,3.8578041818158417,-11.282497534449046,4.000975156998241,-13.481475742553524,18.721667675241555,8.359665343696708,5.611967144821074,4.973179161594809,6.9653269398669275,-5.709677739348855,-41.1434433771628,-10.134939593703658,-8.630238192797018,0.0
0.6441221408905677,-5.7628505230895115,0.7752437805025777,0.4863180796977388,-0.000861475301680451,-0.020837003082687714,-0.8735329430089852,-0.08042909086504103,-0.13864287474990825,-0.06567983962153903,0.369037959469143,-0.24166743829207019,0.07333905362388066,-0.2270627712110715,0.04268996594465715,-0.0344089716708432,0.883690296508484,-0.5069069855020399,-0.07683476194062902,-0.5016282754565373,-1.08491051070719,0.09204071730834262,-0.27201408330059035,0.06453581746522939,-0.35152665444660186,2.205231837754042,0.1411046219109258,-0.20951211854226656,-0.8839785566638741,-0.5290986205008639,0.1425354773188636,-1.7928160606163426,0.2368459471470504,-0.6474682756202074,0.42427673072432054,0.9053261478905665,0.24360005863470294,-0.361815543745259,0.577529593613157,0.09800990854961122,-0.5041080199611152,1.0149721248264256,3.146817092780068,-18.284401963525205,0.05201096504808356,5.390263325866524,28.726128664852503,20.80511717761387,3.2130031185177303,5.075744244767237,1.03387404346749,2.856913677802495,-36.730007165546915,-18.10837714251142,-4.723363327890205,0.0
0.6340166083664746,-5.784517044953829,0.7772890776390713,0.48313389972650606,-0.0014566032743087238,-0.018304898350086658,-0.8753538963975378,-0.03789804194637604,-0.13543889033983292,-0.06531471852127818,0.3531202031860728,-0.24546573806797212,0.07595377980230163,-0.2614963491058738,0.046124545669929004,-0.0491279265744183,0.8816488613137895,-0.4836433558335374,-0.07562770736191737,-0.5083689752551307,-1.0817962667912353,0.1075321136840419,-0.2389649344836207,0.06626780473327065,-0.36453987469466,2.0082941787374504,0.14771746940957484,0.11279572168803562,-0.6104214783385629,0.04291882922340394,0.14270922643226194,-1.684233980462893,0.1655407010088647,-0.7034441483859465,-0.380417231957,1.0462216021790296,0.01247277876675547,-0.37630889237464177,0.12400261216768847,0.39217980130150965,1.8364165697701098,-0.001298128195068693,1.0372997301983626,-15.901417559344791,-3.131600424859101,5.121944989600289,27.116838822145155,23.255574912752582,2.26627475555557,3.2408778610907625,2.117851335728613,10.49737828419008,-20.23484569778392,-23.27464594532216,-2.083900779280807,0.0
0.6237130254861842,-5.80623459561599,0.7796638588382518,0.47973790363747315,-0.0020020415857531044,-0.01616479115024641,-0.8772606426656097,0.0012383997876771516,-0.1322466736731925,-0.05833625417923929,0.3427353148851894,-0.23809375485529777,0.07838631124657629,-0.29244851868285143,0.048549078736677756,-0.06483490420249645,0.8624527427705274,-0.45727707988535843,-0.0803330837990303,-0.5198508144401962,-1.0884971519391453,0.12359500392937459,-0.19402572833345033,0.04151108827331128,-0.40106650184460535,1.8620054496485445,0.1328813760786366,0.4361756439258994,-0.34634878576061984,0.5971472185216895,0.1368813292977584,-1.5048378449107538,0.12687476862451869,-0.7341828209849053,-1.1384646233718718,1.1701174176620455,-0.23482054750107698,-0.5078577866128917,-0.3083554442186164,0.26346821908489,2.9995576106157964,-0.9016864715478946,-0.7269775715205754,-13.106883660308625,-5.054201974572598,3.358511049078319,24.67640907792025,23.08323471252843,3.0231464429038946,0.9879242442280992,3.182106177584279,13.18207434888866,-0.8743685375393646,-27.48061212047526,5.173454379721709,0.0
0.6131115471952634,-5.828173841864919,0.7823070215127867,0.4760962104177537,-0.002637694165835293,-0.01455513588226126,-0.8792687808712365,0.03747191029335081,-0.1294872643337864,-0.04574276250641915,0.3382610517512804,-0.22021027497194942,0.08022131357082211,-0.31848806444465966,0.05031993171458805,-0.08224595845355336,0.8274269223955973,-0.4275479966537413,-0.09099778653013285,-0.5366976028522396,-1.1029960349439476,0.13368726334360684,-0.14900541356595448,0.0039000948449523635,-0.4292530717808641,1.729773268325102,0.10197372596274686,0.688861406217682,-0.05993726719473714,1.1069627904520076,0.10792946060744897,-1.253322603288588,0.10364565191272897,-0.8271898639611994,-1.8211820373458105,1.3118337029160585,-0.49702922094066954,-0.6821621562886843,-0.6755669342139353,-0.16894214979622152,3.6048582157531563,-1.068498604509035,-1.5551056940072505,-10.701348013532426,-6.183298261671562,0.6104178935644973,20.933201988013415,21.931453820154843,4.052228475864443,-1.3717726431214778,4.610254558061287,14.7139312884206,18.896517635094007,-31.82740281757183,10.791736542765296,0.0
0.6021346590818702,-5.850452916512771,0.785028874913287,0.472376624721202,-0.0033292851830966142,-0.01347990431202427,-0.8812874289679351,0.07013736923217966,-0.12741776036177796,-0.02872141592646529,0.3410731983339652,-0.1930432864260268,0.08079717018153112,-0.3383663704312501,0.05168355981163349,-0.10256334514530936,0.777849521581949,-0.39386379962455215,-0.10746202667262537,-0.556392554323532,-1.1221777358805085,0.13155231814074142,-0.09976803567492525,-0.020225252600822943,-0.43154498779381073,1.533247161447393,0.05975520169935076,0.889267153925871,0.3270137121342471,1.5431003223447481,0.03125785697718078,-0.9462694216626119,0.09368590689469097,-0.9659332309988556,-2.4468339799777103,1.4800315426652202,-0.7480842581513408,-0.7526735820150953,-0.9288606410421533,-0.8956178540252646,4.4267183156141705,-0.4024896904788717,-1.697514267127922,-11.378466673515431,-7.2962900745423465,-1.6331255283220305,20.877221554002734,19.425132860147347,3.646307475383945,-4.2613268694940345,6.257695890315392,18.55315339199548,37.895800984181314,-36.863008392574855,16.276891003663536,0.0
0.590755550560721,-5.873130751733454,0.7875080569485275,0.46885971554855893,-0.0038686190047166422,-0.012923447363753735,-0.8831696243819513,0.09729499503229203,-0.1261022164287873,-0.008081156213250016,0.3540745831900879,-0.15895293546826134,0.07744962613690849,-0.35172241495534157,0.05288431513121785,-0.12623246669835095,0.7166974230259656,-0.3565515877799532,-0.1295151493238575,-0.5767001108930913,-1.1439469106722158,0.11105909241157581,-0.0389209956895163,-0.02399910554665552,-0.4016052968934567,1.2410748794847624,0.013569283731608456,1.0488387444754887,0.8512976002852636,1.867386225378823,-0.13388832714972188,-0.6344239503775659,0.09477083842115415,-1.1044971968689021,-2.894880200606918,1.627225385252152,-0.9909011340901605,-0.8167889782726763,-1.1768376356420245,-1.8268532107744335,5.191903079087642,0.14508711574289862,-1.787767399113015,-9.889205785575552,-6.8237309737348975,3.151144754890749,14.755516990611076,23.219827344069905,21.433391608910014,-7.368723379419776,8.194232436933463,24.915974587684822,56.52870161532959,-41.278719995231135,21.445814512892355,0.0
0.5789792529375201,-5.896279041740315,0.7893603426554626,0.4658173809058444,-0.004070482197417669,-0.01303871251406815,-0.884775446538089,0.11751577262303049,-0.1252489735099958,0.014771407883551333,0.38020053021460787,-0.12439464152996065,0.05386508778591936,-0.35917335596230804,0.05394883918356329,-0.15247112248451683,0.6506447702933218,-0.3183598622100203,-0.15495753454691916,-0.5960007398233621,-1.1711987443525944,0.07187587074497621,0.05289107192929381,-0.030094143720175583,-0.3450059018087084,0.9097604857954684,-0.04272434404367659,1.0402296453864928,1.505355731424008,1.8452791757372842,-1.2715389489368474,-0.35116618258243776,0.08288552337055088,-1.1838000750030409,-2.981187309935736,1.6388735770964473,-1.124057547298088,-0.7337358848498349,-1.7406083443068514,-2.601613774616907,7.321181136692133,-0.815056950814653,-3.0404677429665035,-4.53426370354541,-13.858319278078028,-19.11465591349945,10.152733625959023,20.65313732976788,10.903627707395577,-8.254682748153646,7.533311104172973,32.798408375285106,71.96497571452878,-42.28455801632091,24.414729722831506,0.0
